{
    "sqrt_k1_opt_p2_open_float64": {
        "k": 1,
        "node_type": "opt",
        "basis": [
            "1",
            "x",
            "sqrt(1-x)"
        ],
        "quad_basis": [
            "1",
            "x",
            "x^2",
            "x^3",
            "1/sqrt(1-x)",
            "x/sqrt(1-x)"
        ],
        "op_type": "open",
        "selector": 0,
        "interval": [
            0.0,
            1.0
        ],
        "nodes": [
            0.18846841594608435,
            0.7130284799754453,
            0.9837623196214713
        ],
        "D": [
            [
                -2.237623941008989,
                2.879465234275104,
                -0.6418412932661147
            ],
            [
                -1.3492912856682264,
                0.26994458420793976,
                1.0793467014602867
            ],
            [
                5.6723513072298175,
                -20.356474171646397,
                14.68412286441658
            ]
        ],
        "H": [
            0.4467825485966289,
            0.47441015361045674,
            0.07880729779291432
        ],
        "tL": [
            1.4345329727612242,
            -0.5803227570010443,
            0.14578978423982097
        ],
        "tR": [
            0.24170685048984786,
            -0.7700022476771042,
            1.528295397187248
        ]
    },
    "sqrt_k4_opt_p2_open_float64": {
        "k": 4,
        "node_type": "opt",
        "basis": [
            "1",
            "x",
            "sqrt(4-x)"
        ],
        "quad_basis": [
            "1",
            "x",
            "x^2",
            "x^3",
            "1/sqrt(4-x)",
            "x/sqrt(4-x)"
        ],
        "op_type": "open",
        "selector": 0,
        "interval": [
            0.0,
            1.0
        ],
        "nodes": [
            0.11880205371746251,
            0.5153845455357151,
            0.893506281708369
        ],
        "D": [
            [
                -3.6782155202042865,
                4.891358887973371,
                -1.213143367769084
            ],
            [
                -1.3008244961065123,
                0.02050725008920111,
                1.2803172460173111
            ],
            [
                1.377719787318558,
                -5.467353887528061,
                4.089634100209503
            ]
        ],
        "H": [
            0.2909417900443267,
            0.4445987385336765,
            0.2644594714233786
        ],
        "tL": [
            1.4754265759982836,
            -0.6598745878329172,
            0.18444801183461815
        ],
        "tR": [
            0.19128608542757047,
            -0.6735498995802507,
            1.4822638141524394
        ]
    },
    "sqrt_k3_opt_p2_open_float64": {
        "k": 3,
        "node_type": "opt",
        "basis": [
            "1",
            "x",
            "sqrt(3-x)"
        ],
        "quad_basis": [
            "1",
            "x",
            "x^2",
            "x^3",
            "1/sqrt(3-x)",
            "x/sqrt(3-x)"
        ],
        "op_type": "open",
        "selector": 0,
        "interval": [
            0.0,
            1.0
        ],
        "nodes": [
            0.12125454391739297,
            0.5216459260287186,
            0.8960641436706918
        ],
        "D": [
            [
                -3.6044658339038143,
                4.788161060597068,
                -1.1836952266932546
            ],
            [
                -1.3045791644549234,
                0.028845979572873846,
                1.2757331848820497
            ],
            [
                1.4159107101524426,
                -5.600852500785308,
                4.184941790632865
            ]
        ],
        "H": [
            0.29625558980452127,
            0.4447499102961405,
            0.25899449989929635
        ],
        "tL": [
            1.4740497871326146,
            -0.6571362458360122,
            0.18308645870315599
        ],
        "tR": [
            0.1927082554962738,
            -0.6763775123826022,
            1.4836692568860637
        ]
    },
    "sqrt_k2_opt_p2_open_float64": {
        "k": 2,
        "node_type": "opt",
        "basis": [
            "1",
            "x",
            "sqrt(2-x)"
        ],
        "quad_basis": [
            "1",
            "x",
            "x^2",
            "x^3",
            "1/sqrt(2-x)",
            "x/sqrt(2-x)"
        ],
        "op_type": "open",
        "selector": 0,
        "interval": [
            0.0,
            1.0
        ],
        "nodes": [
            0.12710301884457,
            0.5367591171285041,
            0.9023138041672943
        ],
        "D": [
            [
                -3.4381268892545096,
                4.555469003414682,
                -1.1173421141601727
            ],
            [
                -1.3130484637940985,
                0.048937495315774286,
                1.2641109684783243
            ],
            [
                1.516001279992232,
                -5.9504654705253825,
                4.43446419053315
            ]
        ],
        "H": [
            0.3089778236275996,
            0.44532560691349754,
            0.2456965694589028
        ],
        "tL": [
            1.4707475678896735,
            -0.6505882194385528,
            0.1798406515488446
        ],
        "tR": [
            0.19618481403575622,
            -0.6832651541498702,
            1.4870803401141475
        ]
    },
    "sqrt_k8_opt_p2_open_float64": {
        "k": 8,
        "node_type": "opt",
        "basis": [
            "1",
            "x",
            "sqrt(8-x)"
        ],
        "quad_basis": [
            "1",
            "x",
            "x^2",
            "x^3",
            "1/sqrt(8-x)",
            "x/sqrt(8-x)"
        ],
        "op_type": "open",
        "selector": 0,
        "interval": [
            0.0,
            1.0
        ],
        "nodes": [
            0.11555039325839345,
            0.5071507777536547,
            0.8901702991396205
        ],
        "D": [
            [
                -3.779940010365535,
                5.033729790297523,
                -1.2537897799319875
            ],
            [
                -1.295669760942576,
                0.009533687111499996,
                1.2861360738310759
            ],
            [
                1.3301120276290979,
                -5.300855805747798,
                3.9707437781187
            ]
        ],
        "H": [
            0.2839155465959227,
            0.4444777763349316,
            0.27160667706914815
        ],
        "tL": [
            1.4772446923742288,
            -0.663498415209882,
            0.18625372283279204
        ],
        "tR": [
            0.18943185177082317,
            -0.6698545889391301,
            1.4804227371641658
        ]
    },
    "sqrt_k7_opt_p2_open_float64": {
        "k": 7,
        "node_type": "opt",
        "basis": [
            "1",
            "x",
            "sqrt(7-x)"
        ],
        "quad_basis": [
            "1",
            "x",
            "x^2",
            "x^3",
            "1/sqrt(7-x)",
            "x/sqrt(7-x)"
        ],
        "op_type": "open",
        "selector": 0,
        "interval": [
            0.0,
            1.0
        ],
        "nodes": [
            0.11598780054418838,
            0.5082539020616853,
            0.8906154290059385
        ],
        "D": [
            [
                -3.7659845443107614,
                5.014196097879312,
                -1.2482115535685507
            ],
            [
                -1.2963747276007822,
                0.011004456627130049,
                1.285370270973652
            ],
            [
                1.3363265189113387,
                -5.322594714116085,
                3.986268195204746
            ]
        ],
        "H": [
            0.2848594395530349,
            0.44448885417244643,
            0.27065170627520263
        ],
        "tL": [
            1.4770005842179237,
            -0.6630113463800211,
            0.1860107621636323
        ],
        "tR": [
            0.18967927351885217,
            -0.6703482404641558,
            1.4806689669468645
        ]
    },
    "sqrt_k6_opt_p2_open_float64": {
        "k": 6,
        "node_type": "opt",
        "basis": [
            "1",
            "x",
            "sqrt(6-x)"
        ],
        "quad_basis": [
            "1",
            "x",
            "x^2",
            "x^3",
            "1/sqrt(6-x)",
            "x/sqrt(6-x)"
        ],
        "op_type": "open",
        "selector": 0,
        "interval": [
            0.0,
            1.0
        ],
        "nodes": [
            0.11658424804132861,
            0.5097603475397684,
            0.8912242086452075
        ],
        "D": [
            [
                -3.7470934510117035,
                4.987755111996977,
                -1.2406616609852732
            ],
            [
                -1.2973301224928342,
                0.013012385927437082,
                1.284317736565397
            ],
            [
                1.34489299474556,
                -5.352559087902074,
                4.007666093156515
            ]
        ],
        "H": [
            0.2861471612094285,
            0.44450654447860577,
            0.2693462943072653
        ],
        "tL": [
            1.4766675304849168,
            -0.6623470654922544,
            0.18567953500733295
        ],
        "tR": [
            0.19001758987700904,
            -0.6710229612577056,
            1.481005371378836
        ]
    },
    "sqrt_k5_opt_p2_open_float64": {
        "k": 5,
        "node_type": "opt",
        "basis": [
            "1",
            "x",
            "sqrt(5-x)"
        ],
        "quad_basis": [
            "1",
            "x",
            "x^2",
            "x^3",
            "1/sqrt(5-x)",
            "x/sqrt(5-x)"
        ],
        "op_type": "open",
        "selector": 0,
        "interval": [
            0.0,
            1.0
        ],
        "nodes": [
            0.11744603189076532,
            0.5119415106332196,
            0.8921075035525539
        ],
        "D": [
            [
                -3.7200760045223324,
                4.949941834371985,
                -1.2298658298496523
            ],
            [
                -1.29869894351917,
                0.0159194534621469,
                1.282779490057023
            ],
            [
                1.357463642395536,
                -5.396523679541249,
                4.039060037145713
            ]
        ],
        "H": [
            0.2880090320119031,
            0.44453740231154926,
            0.267453565675985
        ],
        "tL": [
            1.476185787959793,
            -0.6613867523056487,
            0.18520096434696162
        ],
        "tR": [
            0.19050853543739493,
            -0.6720015036362174,
            1.4814929681990527
        ]
    },
    "sqrt_k16_opt_p2_open_float64": {
        "k": 16,
        "node_type": "opt",
        "basis": [
            "1",
            "x",
            "sqrt(16-x)"
        ],
        "quad_basis": [
            "1",
            "x",
            "x^2",
            "x^3",
            "1/sqrt(16-x)",
            "x/sqrt(16-x)"
        ],
        "op_type": "open",
        "selector": 0,
        "interval": [
            0.0,
            1.0
        ],
        "nodes": [
            0.11408179990121749,
            0.503457115380217,
            0.8886839003360005
        ],
        "D": [
            [
                -3.8274329032495493,
                5.10021016933133,
                -1.2727772660817804
            ],
            [
                -1.293277765984252,
                0.004609425009762268,
                1.28866834097449
            ],
            [
                1.3096585343172886,
                -5.229294353884899,
                3.91963581956761
            ]
        ],
        "H": [
            0.2807492964333723,
            0.4444522351756379,
            0.27479846839098976
        ],
        "tL": [
            1.4780630511860342,
            -0.6651324718169731,
            0.1870694206309388
        ],
        "tR": [
            0.18860592200370677,
            -0.6682054650796289,
            1.4795995430759221
        ]
    },
    "sqrt_k15_opt_p2_open_float64": {
        "k": 15,
        "node_type": "opt",
        "basis": [
            "1",
            "x",
            "sqrt(15-x)"
        ],
        "quad_basis": [
            "1",
            "x",
            "x^2",
            "x^3",
            "1/sqrt(15-x)",
            "x/sqrt(15-x)"
        ],
        "op_type": "open",
        "selector": 0,
        "interval": [
            0.0,
            1.0
        ],
        "nodes": [
            0.11417683635710123,
            0.5036956735990982,
            0.888779712213402
        ],
        "D": [
            [
                -3.8243293493212733,
                5.095865617456478,
                -1.2715362681352047
            ],
            [
                -1.2934337433255658,
                0.0049274888577353045,
                1.2885062544678305
            ],
            [
                1.3109633478397433,
                -5.233860085791685,
                3.9228967379519415
            ]
        ],
        "H": [
            0.28095405913789706,
            0.4444533474759511,
            0.27459259338615183
        ],
        "tL": [
            1.478010144240455,
            -0.665026774367396,
            0.18701663012694114
        ],
        "tR": [
            0.18865915862655963,
            -0.6683118197820874,
            1.4796526611555278
        ]
    },
    "sqrt_k14_opt_p2_open_float64": {
        "k": 14,
        "node_type": "opt",
        "basis": [
            "1",
            "x",
            "sqrt(14-x)"
        ],
        "quad_basis": [
            "1",
            "x",
            "x^2",
            "x^3",
            "1/sqrt(14-x)",
            "x/sqrt(14-x)"
        ],
        "op_type": "open",
        "selector": 0,
        "interval": [
            0.0,
            1.0
        ],
        "nodes": [
            0.11428593400250489,
            0.5039696075718656,
            0.8888897640649058
        ],
        "D": [
            [
                -3.8207717988742425,
                5.090885567167821,
                -1.2701137682935788
            ],
            [
                -1.2936125980485167,
                0.005292715985350036,
                1.2883198820631667
            ],
            [
                1.3124643804292675,
                -5.239112324681416,
                3.9266479442521494
            ]
        ],
        "H": [
            0.2811891404157177,
            0.44445471623419625,
            0.27435614335008607
        ],
        "tL": [
            1.4779494004907607,
            -0.6649054300649343,
            0.1869560295741736
        ],
        "tR": [
            0.18872030815699609,
            -0.6684339728743515,
            1.4797136647173554
        ]
    },
    "sqrt_k13_opt_p2_open_float64": {
        "k": 13,
        "node_type": "opt",
        "basis": [
            "1",
            "x",
            "sqrt(13-x)"
        ],
        "quad_basis": [
            "1",
            "x",
            "x^2",
            "x^3",
            "1/sqrt(13-x)",
            "x/sqrt(13-x)"
        ],
        "op_type": "open",
        "selector": 0,
        "interval": [
            0.0,
            1.0
        ],
        "nodes": [
            0.11441246413125679,
            0.504287419630687,
            0.8890174867048858
        ],
        "D": [
            [
                -3.8166527291413073,
                5.085119518446411,
                -1.2684667893051038
            ],
            [
                -1.2938197629738213,
                0.005716440935509217,
                1.288103322038312
            ],
            [
                1.3142095106166882,
                -5.245218557998819,
                3.9310090473821306
            ]
        ],
        "H": [
            0.2814618153062596,
            0.4444564268302635,
            0.27408175786347694
        ],
        "tL": [
            1.4778789386908693,
            -0.6647646852917297,
            0.18688574660086055
        ],
        "tR": [
            0.1887912772101657,
            -0.6685757284225758,
            1.47978445121241
        ]
    },
    "sqrt_k12_opt_p2_open_float64": {
        "k": 12,
        "node_type": "opt",
        "basis": [
            "1",
            "x",
            "sqrt(12-x)"
        ],
        "quad_basis": [
            "1",
            "x",
            "x^2",
            "x^3",
            "1/sqrt(12-x)",
            "x/sqrt(12-x)"
        ],
        "op_type": "open",
        "selector": 0,
        "interval": [
            0.0,
            1.0
        ],
        "nodes": [
            0.11456096993208564,
            0.5046605754340543,
            0.8891675098514971
        ],
        "D": [
            [
                -3.8118277354420704,
                5.078365350882596,
                -1.2665376154405255
            ],
            [
                -1.294062539551929,
                0.0062139482744729205,
                1.287848591277456
            ],
            [
                1.316263580517605,
                -5.252405605601117,
                3.936142025083513
            ]
        ],
        "H": [
            0.28178188995177333,
            0.44445860338754134,
            0.2737595066606853
        ],
        "tL": [
            1.4777962227874162,
            -0.6645994808260253,
            0.18680325803860914
        ],
        "tR": [
            0.18887463873650262,
            -0.6687422189883121,
            1.4798675802518095
        ]
    },
    "sqrt_k11_opt_p2_open_float64": {
        "k": 11,
        "node_type": "opt",
        "basis": [
            "1",
            "x",
            "sqrt(11-x)"
        ],
        "quad_basis": [
            "1",
            "x",
            "x^2",
            "x^3",
            "1/sqrt(11-x)",
            "x/sqrt(11-x)"
        ],
        "op_type": "open",
        "selector": 0,
        "interval": [
            0.0,
            1.0
        ],
        "nodes": [
            0.11473772446954407,
            0.5051049190041447,
            0.8893462362761503
        ],
        "D": [
            [
                -3.8060982238252237,
                5.070345101820118,
                -1.2642468779948943
            ],
            [
                -1.2943509771477428,
                0.006806358520753068,
                1.2875446186269899
            ],
            [
                1.318716643194126,
                -5.260988461186715,
                3.942271817992589
            ]
        ],
        "H": [
            0.28216290790683113,
            0.4444614319665142,
            0.27337566012665465
        ],
        "tL": [
            1.4776977496919284,
            -0.6644028297767989,
            0.18670508008487038
        ],
        "tR": [
            0.18897395116123594,
            -0.6689405413970966,
            1.4799665902358607
        ]
    },
    "sqrt_k10_opt_p2_open_float64": {
        "k": 10,
        "node_type": "opt",
        "basis": [
            "1",
            "x",
            "sqrt(10-x)"
        ],
        "quad_basis": [
            "1",
            "x",
            "x^2",
            "x^3",
            "1/sqrt(10-x)",
            "x/sqrt(10-x)"
        ],
        "op_type": "open",
        "selector": 0,
        "interval": [
            0.0,
            1.0
        ],
        "nodes": [
            0.11495164127313029,
            0.5056429848398925,
            0.8895627810988546
        ],
        "D": [
            [
                -3.799183340304991,
                5.060665682188555,
                -1.2614823418835637
            ],
            [
                -1.294699300634687,
                0.0075237094423093575,
                1.2871755911923777
            ],
            [
                1.321697543326879,
                -5.271417781166448,
                3.94972023783957
            ]
        ],
        "H": [
            0.28262411956849026,
            0.4444652017437644,
            0.2729106786877453
        ],
        "tL": [
            1.4775785394316594,
            -0.6641648021201242,
            0.18658626268846484
        ],
        "tR": [
            0.18909428051384267,
            -0.6691807965307572,
            1.4800865160169145
        ]
    },
    "sqrt_k9_opt_p2_open_float64": {
        "k": 9,
        "node_type": "opt",
        "basis": [
            "1",
            "x",
            "sqrt(9-x)"
        ],
        "quad_basis": [
            "1",
            "x",
            "x^2",
            "x^3",
            "1/sqrt(9-x)",
            "x/sqrt(9-x)"
        ],
        "op_type": "open",
        "selector": 0,
        "interval": [
            0.0,
            1.0
        ],
        "nodes": [
            0.11521582835299186,
            0.5063079496231099,
            0.8898305795353951
        ],
        "D": [
            [
                -3.7906724161720495,
                5.0487523276265645,
                -1.2580799114545143
            ],
            [
                -1.2951283317055253,
                0.00841022187946038,
                1.286718109826065
            ],
            [
                1.3253973444794922,
                -5.284361798090809,
                3.9589644536113173
            ]
        ],
        "H": [
            0.28319384486696747,
            0.4444703820902761,
            0.27233577304275647
        ],
        "tL": [
            1.4774312644010448,
            -0.663870791108089,
            0.18643952670704417
        ],
        "tR": [
            0.18924309418266708,
            -0.6694778684549143,
            1.4802347742722473
        ]
    },
    "sqrt_k32_opt_p2_open_float64": {
        "k": 32,
        "node_type": "opt",
        "basis": [
            "1",
            "x",
            "sqrt(32-x)"
        ],
        "quad_basis": [
            "1",
            "x",
            "x^2",
            "x^3",
            "1/sqrt(32-x)",
            "x/sqrt(32-x)"
        ],
        "op_type": "open",
        "selector": 0,
        "interval": [
            0.0,
            1.0
        ],
        "nodes": [
            0.11338132329782842,
            0.5017007867644954,
            0.8879793070583726
        ],
        "D": [
            [
                -3.8504387537770386,
                5.13241609644993,
                -1.2819773426728909
            ],
            [
                -1.2921231244900948,
                0.0022677082840010156,
                1.2898554162060938
            ],
            [
                1.3001197076063296,
                -5.195914343443818,
                3.8957946358374893
            ]
        ],
        "H": [
            0.2792406394986833,
            0.4444463300420506,
            0.2763130304592661
        ],
        "tL": [
            1.4784527842834627,
            -0.6659113184369252,
            0.18745853415346247
        ],
        "tR": [
            0.18821444005467874,
            -0.6674231291102103,
            1.4792086890555316
        ]
    },
    "sqrt_k31_opt_p2_open_float64": {
        "k": 31,
        "node_type": "opt",
        "basis": [
            "1",
            "x",
            "sqrt(31-x)"
        ],
        "quad_basis": [
            "1",
            "x",
            "x^2",
            "x^3",
            "1/sqrt(31-x)",
            "x/sqrt(31-x)"
        ],
        "op_type": "open",
        "selector": 0,
        "interval": [
            0.0,
            1.0
        ],
        "nodes": [
            0.1134035878671398,
            0.501756557596245,
            0.8880016592504654
        ],
        "D": [
            [
                -3.8497039520193885,
                5.131387422500737,
                -1.281683470481348
            ],
            [
                -1.2921599594906445,
                0.0023420686407028715,
                1.2898178908499418
            ],
            [
                1.3004207892782207,
                -5.196968004939769,
                3.896547215661548
            ]
        ],
        "H": [
            0.2792885765777565,
            0.4444464557316807,
            0.2762649676905628
        ],
        "tL": [
            1.478440402718037,
            -0.6658865685249861,
            0.18744616580694912
        ],
        "tR": [
            0.18822685881285295,
            -0.6674479532928859,
            1.479221094480033
        ]
    },
    "sqrt_k30_opt_p2_open_float64": {
        "k": 30,
        "node_type": "opt",
        "basis": [
            "1",
            "x",
            "sqrt(30-x)"
        ],
        "quad_basis": [
            "1",
            "x",
            "x^2",
            "x^3",
            "1/sqrt(30-x)",
            "x/sqrt(30-x)"
        ],
        "op_type": "open",
        "selector": 0,
        "interval": [
            0.0,
            1.0
        ],
        "nodes": [
            0.1134273606547505,
            0.5018161102853019,
            0.8880255287235684
        ],
        "D": [
            [
                -3.8489196337483804,
                5.130289430428046,
                -1.2813697966796656
            ],
            [
                -1.2921992799755677,
                0.0024214713683112146,
                1.2897778086072567
            ],
            [
                1.3007424182660432,
                -5.19809356912195,
                3.8973511508559064
            ]
        ],
        "H": [
            0.27933976206622047,
            0.4444465944212384,
            0.27621364351254113
        ],
        "tL": [
            1.4784271819769768,
            -0.6658601416268894,
            0.1874329596499126
        ],
        "tR": [
            0.18824012059555992,
            -0.6674744621434218,
            1.4792343415478617
        ]
    },
    "sqrt_k29_opt_p2_open_float64": {
        "k": 29,
        "node_type": "opt",
        "basis": [
            "1",
            "x",
            "sqrt(29-x)"
        ],
        "quad_basis": [
            "1",
            "x",
            "x^2",
            "x^3",
            "1/sqrt(29-x)",
            "x/sqrt(29-x)"
        ],
        "op_type": "open",
        "selector": 0,
        "interval": [
            0.0,
            1.0
        ],
        "nodes": [
            0.11345280029716368,
            0.5018798430378052,
            0.8880510754085355
        ],
        "D": [
            [
                -3.8480806188415295,
                5.129114868770522,
                -1.2810342499289924
            ],
            [
                -1.2922413463071982,
                0.002506447389181482,
                1.2897348989180168
            ],
            [
                1.3010867724187662,
                -5.199298656608012,
                3.898211884189246
            ]
        ],
        "H": [
            0.27939453775789275,
            0.444446747967396,
            0.2761587142747112
        ],
        "tL": [
            1.4784130337468382,
            -0.6658318613104035,
            0.18741882756356534
        ],
        "tR": [
            0.18825431426625958,
            -0.6675028331911578,
            1.4792485189248983
        ]
    },
    "sqrt_k28_opt_p2_open_float64": {
        "k": 28,
        "node_type": "opt",
        "basis": [
            "1",
            "x",
            "sqrt(28-x)"
        ],
        "quad_basis": [
            "1",
            "x",
            "x^2",
            "x^3",
            "1/sqrt(28-x)",
            "x/sqrt(28-x)"
        ],
        "op_type": "open",
        "selector": 0,
        "interval": [
            0.0,
            1.0
        ],
        "nodes": [
            0.11348008848860103,
            0.5019482120030226,
            0.8880784825335575
        ],
        "D": [
            [
                -3.8471809784556297,
                5.127855437988659,
                -1.2806744595330288
            ],
            [
                -1.2922864565305328,
                0.002597604878840413,
                1.2896888516516924
            ],
            [
                1.3014563486623831,
                -5.200592004440366,
                3.899135655777983
            ]
        ],
        "H": [
            0.27945329514443423,
            0.44444691857054597,
            0.27609978628501985
        ],
        "tL": [
            1.478397856870682,
            -0.6658015254922834,
            0.1874036686216014
        ],
        "tR": [
            0.18826954163378884,
            -0.6675332698195503,
            1.4792637281857615
        ]
    },
    "sqrt_k27_opt_p2_open_float64": {
        "k": 27,
        "node_type": "opt",
        "basis": [
            "1",
            "x",
            "sqrt(27-x)"
        ],
        "quad_basis": [
            "1",
            "x",
            "x^2",
            "x^3",
            "1/sqrt(27-x)",
            "x/sqrt(27-x)"
        ],
        "op_type": "open",
        "selector": 0,
        "interval": [
            0.0,
            1.0
        ],
        "nodes": [
            0.11350943432863646,
            0.5020217422113394,
            0.888107961027072
        ],
        "D": [
            [
                -3.8462138946702558,
                5.126501593995716,
                -1.2802876993254604
            ],
            [
                -1.2923349534468878,
                0.0026956438487830796,
                1.2896393095981047
            ],
            [
                1.3018540236618632,
                -5.201983678323068,
                3.900129654661205
            ]
        ],
        "H": [
            0.2795164847896802,
            0.4444471088540903,
            0.2760364063562295
        ],
        "tL": [
            1.478381534924972,
            -0.6657689016003508,
            0.18738736667537895
        ],
        "tR": [
            0.1882859198989804,
            -0.6675660061509435,
            1.4792800862519633
        ]
    },
    "sqrt_k26_opt_p2_open_float64": {
        "k": 26,
        "node_type": "opt",
        "basis": [
            "1",
            "x",
            "sqrt(26-x)"
        ],
        "quad_basis": [
            "1",
            "x",
            "x^2",
            "x^3",
            "1/sqrt(26-x)",
            "x/sqrt(26-x)"
        ],
        "op_type": "open",
        "selector": 0,
        "interval": [
            0.0,
            1.0
        ],
        "nodes": [
            0.11354107969219654,
            0.5021010410874392,
            0.8881397549585083
        ],
        "D": [
            [
                -3.8451714873243734,
                5.125042305767369,
                -1.279870818442996
            ],
            [
                -1.292387233343221,
                0.002801374162472748,
                1.289585859180748
            ],
            [
                1.302283128870891,
                -5.203485335193481,
                3.90120220632259
            ]
        ],
        "H": [
            0.2795846279092676,
            0.4444473219659206,
            0.2759680501248118
        ],
        "tL": [
            1.478363933226325,
            -0.6657337205975951,
            0.18736978737127014
        ],
        "tR": [
            0.18830358467801386,
            -0.6676013130824323,
            1.4792977284044184
        ]
    },
    "sqrt_k25_opt_p2_open_float64": {
        "k": 25,
        "node_type": "opt",
        "basis": [
            "1",
            "x",
            "sqrt(25-x)"
        ],
        "quad_basis": [
            "1",
            "x",
            "x^2",
            "x^3",
            "1/sqrt(25-x)",
            "x/sqrt(25-x)"
        ],
        "op_type": "open",
        "selector": 0,
        "interval": [
            0.0,
            1.0
        ],
        "nodes": [
            0.11357530591388296,
            0.5021868152749843,
            0.888174148313978
        ],
        "D": [
            [
                -3.8440445987360956,
                5.123464753998896,
                -1.2794201552627997
            ],
            [
                -1.2924437568476115,
                0.0029157379661370587,
                1.2895280188814746
            ],
            [
                1.3027475441148955,
                -5.205110550630423,
                3.9023630065155275
            ]
        ],
        "H": [
            0.279658330785578,
            0.44444756170948163,
            0.2758941075049403
        ],
        "tL": [
            1.4783448951051974,
            -0.665695669543228,
            0.1873507744380306
        ],
        "tR": [
            0.18832269376761268,
            -0.6676395058022505,
            1.4793168120346378
        ]
    },
    "sqrt_k24_opt_p2_open_float64": {
        "k": 24,
        "node_type": "opt",
        "basis": [
            "1",
            "x",
            "sqrt(24-x)"
        ],
        "quad_basis": [
            "1",
            "x",
            "x^2",
            "x^3",
            "1/sqrt(24-x)",
            "x/sqrt(24-x)"
        ],
        "op_type": "open",
        "selector": 0,
        "interval": [
            0.0,
            1.0
        ],
        "nodes": [
            0.11361244217791878,
            0.5022798917599757,
            0.8882114735053824
        ],
        "D": [
            [
                -3.8428225238482585,
                5.121753953373486,
                -1.2789314295252279
            ],
            [
                -1.2925050625406762,
                0.0030398378503900406,
                1.289465224690286
            ],
            [
                1.303251815276692,
                -5.2068752305809465,
                3.9036234153042537
            ]
        ],
        "H": [
            0.27973830286249834,
            0.4444478327147012,
            0.2758138644228005
        ],
        "tL": [
            1.4783242372281151,
            -0.6656543822549829,
            0.18733014502686762
        ],
        "tR": [
            0.18834343187353217,
            -0.6676809532284733,
            1.4793375213549411
        ]
    },
    "sqrt_k23_opt_p2_open_float64": {
        "k": 23,
        "node_type": "opt",
        "basis": [
            "1",
            "x",
            "sqrt(23-x)"
        ],
        "quad_basis": [
            "1",
            "x",
            "x^2",
            "x^3",
            "1/sqrt(23-x)",
            "x/sqrt(23-x)"
        ],
        "op_type": "open",
        "selector": 0,
        "interval": [
            0.0,
            1.0
        ],
        "nodes": [
            0.11365287614409401,
            0.5023812446313082,
            0.8882521221534113
        ],
        "D": [
            [
                -3.8414926689451274,
                5.119892274850542,
                -1.2783996059054152
            ],
            [
                -1.292571784175321,
                0.003174972527051145,
                1.28939681164827
            ],
            [
                1.30380130365277,
                -5.2087981338790454,
                3.9049968302262754
            ]
        ],
        "H": [
            0.2798253796647757,
            0.4444481406632752,
            0.27572647967194913
        ],
        "tL": [
            1.4783017436723858,
            -0.6656094274820358,
            0.18730768380964996
        ],
        "tR": [
            0.18836601660270558,
            -0.6677260899692128,
            1.479360073366507
        ]
    },
    "sqrt_k22_opt_p2_open_float64": {
        "k": 22,
        "node_type": "opt",
        "basis": [
            "1",
            "x",
            "sqrt(22-x)"
        ],
        "quad_basis": [
            "1",
            "x",
            "x^2",
            "x^3",
            "1/sqrt(22-x)",
            "x/sqrt(22-x)"
        ],
        "op_type": "open",
        "selector": 0,
        "interval": [
            0.0,
            1.0
        ],
        "nodes": [
            0.11369706753735853,
            0.5024920293155964,
            0.888296558886505
        ],
        "D": [
            [
                -3.8400401158610626,
                5.117858835670815,
                -1.2778187198097528
            ],
            [
                -1.292644672672501,
                0.0033226824701332743,
                1.2893219902023678
            ],
            [
                1.304402377391933,
                -5.210901541976093,
                3.9064991645841607
            ]
        ],
        "H": [
            0.27992055211274813,
            0.4444484925889987,
            0.27563095529825316
        ],
        "tL": [
            1.4782771583470298,
            -0.6655602937781787,
            0.18728313543114897
        ],
        "tR": [
            0.18839070613145814,
            -0.6677754316269062,
            1.479384725495448
        ]
    },
    "sqrt_k21_opt_p2_open_float64": {
        "k": 21,
        "node_type": "opt",
        "basis": [
            "1",
            "x",
            "sqrt(21-x)"
        ],
        "quad_basis": [
            "1",
            "x",
            "x^2",
            "x^3",
            "1/sqrt(21-x)",
            "x/sqrt(21-x)"
        ],
        "op_type": "open",
        "selector": 0,
        "interval": [
            0.0,
            1.0
        ],
        "nodes": [
            0.1137455657125697,
            0.5026136268410654,
            0.8883453391881995
        ],
        "D": [
            [
                -3.8384470596658313,
                5.115628712268129,
                -1.2771816526022977
            ],
            [
                -1.2927246245134594,
                0.0034848089266883925,
                1.289239815586771
            ],
            [
                1.3050626595331718,
                -5.213212126661274,
                3.9081494671281023
            ]
        ],
        "H": [
            0.2800250044163011,
            0.4444488972831381,
            0.2755260983005608
        ],
        "tL": [
            1.4782501751950683,
            -0.6655063699486303,
            0.18725619475356198
        ],
        "tR": [
            0.18841780912356818,
            -0.6678295945910314,
            1.4794117854674633
        ]
    },
    "sqrt_k20_opt_p2_open_float64": {
        "k": 20,
        "node_type": "opt",
        "basis": [
            "1",
            "x",
            "sqrt(20-x)"
        ],
        "quad_basis": [
            "1",
            "x",
            "x^2",
            "x^3",
            "1/sqrt(20-x)",
            "x/sqrt(20-x)"
        ],
        "op_type": "open",
        "selector": 0,
        "interval": [
            0.0,
            1.0
        ],
        "nodes": [
            0.11379903262074384,
            0.5027477017347134,
            0.8883991327500068
        ],
        "D": [
            [
                -3.8366920747839117,
                5.113171913044372,
                -1.2764798382604603
            ],
            [
                -1.2928127188093776,
                0.003663571102041355,
                1.2891491477073362
            ],
            [
                1.305791353180413,
                -5.215762087608348,
                3.909970734427935
            ]
        ],
        "H": [
            0.28014016362801325,
            0.4444493658490339,
            0.2754104705229528
        ],
        "tL": [
            1.4782204253804596,
            -0.6654469194816547,
            0.1872264941011951
