{
    "h0.03125_beta6.25_opt_p2_closed": {
        "h": 0.03125,
        "beta": 6.25,
        "node_type": "opt",
        "basis": [
            "1",
            "x",
            "exp(6.25x)"
        ],
        "quad_basis": [
            "1",
            "x",
            "x^2",
            "exp(6.25x)",
            "x exp(6.25x)",
            "exp(2*6.25x)"
        ],
        "op_type": "closed",
        "selector": 0,
        "interval": [
            0.0,
            1.0
        ],
        "nodes": [
            0.0,
            0.3942723004289029,
            0.8244366604363195,
            1.0
        ],
        "D": [
            [
                -3.6788449455624224,
                4.9239288346576,
                -1.7299462465303306,
                0.48486235743515266
            ],
            [
                -1.306167248232187,
                0.0,
                1.7439133306138423,
                -0.4377460823816553
            ],
            [
                0.7681198839740939,
                -2.919001203389018,
                0.0,
                2.150881319414924
            ],
            [
                -1.4441018863631094,
                4.9148991664278565,
                -14.427776810558852,
                10.956979530494106
            ]
        ],
        "H": [
            0.13591222446140902,
            0.5123556128924047,
            0.30609914867472976,
            0.045633013971456464
        ],
        "tL": [
            1.0,
            0.0,
            0.0,
            0.0
        ],
        "tR": [
            0.0,
            0.0,
            0.0,
            1.0
        ]
    },
    "h0.015625_beta3.125_opt_p2_closed": {
        "h": 0.015625,
        "beta": 3.125,
        "node_type": "opt",
        "basis": [
            "1",
            "x",
            "exp(3.125x)"
        ],
        "quad_basis": [
            "1",
            "x",
            "x^2",
            "exp(3.125x)",
            "x exp(3.125x)",
            "exp(2*3.125x)"
        ],
        "op_type": "closed",
        "selector": 0,
        "interval": [
            0.0,
            1.0
        ],
        "nodes": [
            0.0,
            0.33690772772114475,
            0.7793531559656842,
            1.0
        ],
        "D": [
            [
                -4.558823702585196,
                6.121369587429821,
                -2.2670125593300043,
                0.7044666744853796
            ],
            [
                -1.4321689006773155,
                0.0,
                1.9586452848158704,
                -0.526476384138555
            ],
            [
                0.6902885106082618,
                -2.549099999008029,
                0.0,
                1.8588114883997675
            ],
            [
                -1.2595509548085766,
                4.023356777048804,
                -10.91475313509899,
                8.150947312858763
            ]
        ],
        "H": [
            0.10967741518858524,
            0.4687826927716455,
            0.3601973289230613,
            0.06134256311670798
        ],
        "tL": [
            1.0,
            0.0,
            0.0,
            0.0
        ],
        "tR": [
            0.0,
            0.0,
            0.0,
            1.0
        ]
    },
    "h0.0147059_beta2.94118_opt_p2_closed": {
        "h": 0.014705882352941176,
        "beta": 2.941176470588235,
        "node_type": "opt",
        "basis": [
            "1",
            "x",
            "exp(2.94118x)"
        ],
        "quad_basis": [
            "1",
            "x",
            "x^2",
            "exp(2.94118x)",
            "x exp(2.94118x)",
            "exp(2*2.94118x)"
        ],
        "op_type": "closed",
        "selector": 0,
        "interval": [
            0.0,
            1.0
        ],
        "nodes": [
            0.0,
            0.33336774658464224,
            0.776339335449802,
            1.0
        ],
        "D": [
            [
                -4.62598827141584,
                6.21370028591896,
                -2.3082501041129677,
                0.7205380896098468
            ],
            [
                -1.4413971908496381,
                0.0,
                1.97351282907671,
                -0.532115638227072
            ],
            [
                0.6863287772428711,
                -2.5296237447307734,
                0.0,
                1.8432949674879022
            ],
            [
                -1.2468097029141607,
                3.9693178967402547,
                -10.727257901772074,
                8.00474970794598
            ]
        ],
        "H": [
            0.10808501246955583,
            0.46594226570522945,
            0.363509806900633,
            0.06246291492458171
        ],
        "tL": [
            1.0,
            0.0,
            0.0,
            0.0
        ],
        "tR": [
            0.0,
            0.0,
            0.0,
            1.0
        ]
    },
    "h0.0135135_beta2.7027_opt_p2_closed": {
        "h": 0.013513513513513514,
        "beta": 2.7027027027027026,
        "node_type": "opt",
        "basis": [
            "1",
            "x",
            "exp(2.7027x)"
        ],
        "quad_basis": [
            "1",
            "x",
            "x^2",
            "exp(2.7027x)",
            "x exp(2.7027x)",
            "exp(2*2.7027x)"
        ],
        "op_type": "closed",
        "selector": 0,
        "interval": [
            0.0,
            1.0
        ],
        "nodes": [
            0.0,
            0.32875957097614267,
            0.7723724535753804,
            1.0
        ],
        "D": [
            [
                -4.716108486521873,
                6.337617766978565,
                -2.363320216835829,
                0.7418109363791372
            ],
            [
                -1.4536911873232423,
                0.0,
                1.9931295418741652,
                -0.5394383545509229
            ],
            [
                0.6811994585793839,
                -2.5046159109102626,
                0.0,
                1.8234164523308787
            ],
            [
                -1.2298069387202466,
                3.8988759199690075,
                -10.487641957258012,
                7.818572976009251
            ]
        ],
        "H": [
            0.10601961371943538,
            0.462210814384673,
            0.3678192830728269,
            0.06395028882306468
        ],
        "tL": [
            1.0,
            0.0,
            0.0,
            0.0
        ],
        "tR": [
            0.0,
            0.0,
            0.0,
            1.0
        ]
    },
    "h0.0125_beta2.5_opt_p2_closed": {
        "h": 0.0125,
        "beta": 2.5,
        "node_type": "opt",
        "basis": [
            "1",
            "x",
            "exp(2.5x)"
        ],
        "quad_basis": [
            "1",
            "x",
            "x^2",
            "exp(2.5x)",
            "x exp(2.5x)",
            "exp(2*2.5x)"
        ],
        "op_type": "closed",
        "selector": 0,
        "interval": [
            0.0,
            1.0
        ],
        "nodes": [
            0.0,
            0.3248311924513794,
            0.7689513139082469,
            1.0
        ],
        "D": [
            [
                -4.795424086882799,
                6.446678611960127,
                -2.411492718821411,
                0.7602381937440827
            ],
            [
                -1.4644272030288652,
                0.0,
                2.01008372254683,
                -0.5456565195179649
            ],
            [
                0.6768316759897535,
                -2.4835739703051978,
                0.0,
                1.806742294315444
            ],
            [
                -1.214922711448724,
                3.838720985510545,
                -10.287277539013601,
                7.66347926495178
            ]
        ],
        "H": [
            0.10426606509478044,
            0.4589984469077869,
            0.3714909714125566,
            0.06524451658487604
        ],
        "tL": [
            1.0,
            0.0,
            0.0,
            0.0
        ],
        "tR": [
            0.0,
            0.0,
            0.0,
            1.0
        ]
    },
    "h0.0119048_beta2.38095_opt_p2_closed": {
        "h": 0.011904761904761904,
        "beta": 2.380952380952381,
        "node_type": "opt",
        "basis": [
            "1",
            "x",
            "exp(2.38095x)"
        ],
        "quad_basis": [
            "1",
            "x",
            "x^2",
            "exp(2.38095x)",
            "x exp(2.38095x)",
            "exp(2*2.38095x)"
        ],
        "op_type": "closed",
        "selector": 0,
        "interval": [
            0.0,
            1.0
        ],
        "nodes": [
            0.0,
            0.32251989599311476,
            0.7669213065485561,
            1.0
        ],
        "D": [
            [
                -4.843196614222663,
                6.51235612387037,
                -2.4403564370649162,
                0.7711969274172091
            ],
            [
                -1.4708555735616242,
                0.0,
                2.02015708338315,
                -0.5493015098215258
            ],
            [
                0.6742573274494157,
                -2.47130110175516,
                0.0,
                1.797043774305744
            ],
            [
                -1.2059922065552982,
                3.8032783790414095,
                -10.171042192403057,
                7.573756019916945
            ]
        ],
        "H": [
            0.10323760107770277,
            0.4570945208196513,
            0.3736504359398493,
            0.06601744216279666
        ],
        "tL": [
            1.0,
            0.0,
            0.0,
            0.0
        ],
        "tR": [
            0.0,
            0.0,
            0.0,
            1.0
        ]
    },
    "h0.0111111_beta2.22222_opt_p2_closed": {
        "h": 0.011111111111111112,
        "beta": 2.2222222222222223,
        "node_type": "opt",
        "basis": [
            "1",
            "x",
            "exp(2.22222x)"
        ],
        "quad_basis": [
            "1",
            "x",
            "x^2",
            "exp(2.22222x)",
            "x exp(2.22222x)",
            "exp(2*2.22222x)"
        ],
        "op_type": "closed",
        "selector": 0,
        "interval": [
            0.0,
            1.0
        ],
        "nodes": [
            0.0,
            0.31943443922715725,
            0.7641913735528261,
            1.0
        ],
        "D": [
            [
                -4.908284851535908,
                6.601815370720796,
                -2.479482354681558,
                0.7859518354966706
            ],
            [
                -1.4795679482765838,
                0.0,
                2.0337167282725215,
                -0.5541487799959377
            ],
            [
                0.670809149956046,
                -2.455030413320788,
                0.0,
                1.784221263364742
            ],
            [
                -1.1938659042697364,
                3.755903781843044,
                -10.017754205265742,
                7.455716327692436
            ]
        ],
        "H": [
            0.10186857835757826,
            0.4545364389502296,
            0.37653234537820635,
            0.06706263731398582
        ],
        "tL": [
            1.0,
            0.0,
            0.0,
            0.0
        ],
        "tR": [
            0.0,
            0.0,
            0.0,
            1.0
        ]
    },
    "h0.01_beta2_opt_p2_closed": {
        "h": 0.01,
        "beta": 2.0,
        "node_type": "opt",
        "basis": [
            "1",
            "x",
            "exp(2x)"
        ],
        "quad_basis": [
            "1",
            "x",
            "x^2",
            "exp(2x)",
            "x exp(2x)",
            "exp(2*2x)"
        ],
        "op_type": "closed",
        "selector": 0,
        "interval": [
            0.0,
            1.0
        ],
        "nodes": [
            0.0,
            0.31510940250281444,
            0.7603258656465284,
            1.0
        ],
        "D": [
            [
                -5.002129509930557,
                6.730728359558751,
                -2.535455315101609,
                0.8068564654734157
            ],
            [
                -1.492036127243271,
                0.0,
                2.052937954988566,
                -0.5609018277452952
            ],
            [
                0.6659411812576138,
                -2.432419407341126,
                0.0,
                1.7664782260835121
            ],
            [
                -1.1764671461113736,
                3.689377543180997,
                -9.806451789930136,
                7.293541392860512
            ]
        ],
        "H": [
            0.09995742793291677,
            0.4509182335817111,
            0.3805705354604878,
            0.06855380302488433
        ],
        "tL": [
            1.0,
            0.0,
            0.0,
            0.0
        ],
        "tR": [
            0.0,
            0.0,
            0.0,
            1.0
        ]
    },
    "h0.00625_beta1.25_opt_p2_closed": {
        "h": 0.00625,
        "beta": 1.25,
        "node_type": "opt",
        "basis": [
            "1",
            "x",
            "exp(1.25x)"
        ],
        "quad_basis": [
            "1",
            "x",
            "x^2",
            "exp(1.25x)",
            "x exp(1.25x)",
            "exp(2*1.25x)"
        ],
        "op_type": "closed",
        "selector": 0,
        "interval": [
            0.0,
            1.0
        ],
        "nodes": [
            0.0,
            0.30050291424217285,
            0.7469290043241491,
            1.0
        ],
        "D": [
            [
                -5.343181492319,
                7.198089609677521,
                -2.733862135510387,
                0.8789540181518657
            ],
            [
                -1.5364273956365233,
                0.0,
                2.119671573599106,
                -0.5832441779625824
            ],
            [
                0.6489824479790417,
                -2.3573828705698654,
                0.0,
                1.7084004225908236
            ],
            [
                -1.1141880881278066,
                3.4637614471745684,
                -9.122748119615608,
                6.773174760568845
            ]
        ],
        "H": [
            0.09357720689794395,
            0.43840478410350087,
            0.39419738312148017,
            0.07382062587707502
        ],
        "tL": [
            1.0,
            0.0,
            0.0,
            0.0
        ],
        "tR": [
            0.0,
            0.0,
            0.0,
            1.0
        ]
    },
    "h0.0625_beta12.5_opt_p2_closed": {
        "h": 0.0625,
        "beta": 12.5,
        "node_type": "opt",
        "basis": [
            "1",
            "x",
            "exp(12.5x)"
        ],
        "quad_basis": [
            "1",
            "x",
            "x^2",
            "exp(12.5x)",
            "x exp(12.5x)",
            "exp(2*12.5x)"
        ],
        "op_type": "closed",
        "selector": 0,
        "interval": [
            0.0,
            1.0
        ],
        "nodes": [
            0.0,
            0.4831255113616502,
            0.883750305805517,
            1.0
        ],
        "D": [
            [
                -2.8399262872028115,
                3.8563319947117556,
                -1.318827904416204,
                0.30242219690725974
            ],
            [
                -1.1753739532647962,
                0.0,
                1.5085971148569188,
                -0.33322316159212256
            ],
            [
                1.06399731639164,
                -3.9932272955258807,
                0.0,
                2.9292299791342407
            ],
            [
                -1.8971457494643693,
                6.858364567863701,
                -22.77655823348579,
                17.81533941508646
            ]
        ],
        "H": [
            0.1760609077260507,
            0.5776453609475258,
            0.21822802972229982,
            0.02806570160412369
        ],
        "tL": [
            1.0,
            0.0,
            0.0,
            0.0
        ],
        "tR": [
            0.0,
            0.0,
            0.0,
            1.0
        ]
    },
    "h0.03125_beta6.25_equi_exact_p2": {
        "name": "EXP_h0.03125_beta6.25_equi_exact_p2",
        "basis": [
            "1",
            "x",
            "exp(6.25x)"
        ],
        "quad_basis": [
            "1",
            "x",
            "exp(6.25x)",
            "x*exp(6.25x)",
            "exp(2*6.25x)"
        ],
        "op_type": "closed",
        "selector": 0,
        "interval": [
            0.0,
            1.0
        ],
        "nodes": [
            0.0,
            0.16666666666666666,
            0.3333333333333333,
            0.5,
            0.6666666666666666,
            0.8333333333333333,
            1.0
        ],
        "D": [
            [
                -11.543983946914873,
                -2.871641991948168,
                29.798398060577203,
                14.454603106619375,
                -62.50061254066271,
                40.065937156049436,
                -7.402699843895594
            ],
            [
                0.6817450133406411,
                2.6165245466585345e-12,
                -9.681803392914514,
                -6.133000969099913,
                37.62769833073098,
                -28.21965026303386,
                5.725011280953667
            ],
            [
                -5.454770577819836,
                7.4653153277187885,
                1.786397456261753e-13,
                1.6103927399197344,
                -15.205858068014608,
                14.982584744615373,
                -3.3976641664178624
            ],
            [
                -3.7035150013394653,
                6.618952973772037,
                -2.2540117143587177,
                3.2468542173602278e-12,
                -9.893018285080576,
                11.928408567291774,
                -2.6968165402667323
            ],
            [
                53.54156651258118,
                -135.7759277076656,
                71.15970850149905,
                33.07711893687956,
                2.3930506634806442e-11,
                -32.23995135082839,
                10.237485107625032
            ],
            [
                -6.351409470840136,
                18.84320440832163,
                -12.974719501655228,
                -7.380221154372564,
                5.965988126836868,
                3.81839244063529e-12,
                1.8971575917247572
            ],
            [
                7.155869590529109,
                -23.310787697905145,
                17.94192987002408,
                10.174562484423628,
                -11.552042020814998,
                -11.56860194700575,
                11.159069720682751
            ]
        ],
        "H": [
            0.043312603542880246,
            0.18244107207585034,
            0.2366087048021287,
            0.16904656616806613,
            0.05056004948084089,
            0.27322440154172556,
            0.044806602388507616
        ],
        "tL": [
            1.0,
            0.0,
            0.0,
            0.0,
            0.0,
            0.0,
            0.0
        ],
        "tR": [
            0.0,
            0.0,
            0.0,
            0.0,
            0.0,
            0.0,
            1.0
        ]
    },
    "h0.015625_beta3.125_equi_exact_p2": {
        "name": "EXP_h0.015625_beta3.125_equi_exact_p2",
        "basis": [
            "1",
            "x",
            "exp(3.125x)"
        ],
        "quad_basis": [
            "1",
            "x",
            "exp(3.125x)",
            "x*exp(3.125x)",
            "exp(2*3.125x)"
        ],
        "op_type": "closed",
        "selector": 0,
        "interval": [
            0.0,
            1.0
        ],
        "nodes": [
            0.0,
            0.25,
            0.5,
            0.75,
            1.0
        ],
        "D": [
            [
                -10.333096404909368,
                15.792248654876568,
                -3.098520032028675,
                -3.8473202809320095,
                1.4866880629935821
            ],
            [
                -1.7184286144870229,
                -3.153984989482532e-15,
                0.731440801237841,
                1.4108328554724745,
                -0.42384504222328256
            ],
            [
                4.267256976072857,
                -9.25733860293036,
                -1.299088467232764e-14,
                6.7029879044974,
                -1.7129062776399648
            ],
            [
                0.4629553837020874,
                -1.5601589245135714,
                -0.5856723806339373,
                -3.510226735390728e-15,
                1.6828759214454099
            ],
            [
                -1.0325699990890633,
                2.705323677344203,
                0.8638508411204627,
                -9.713392717916586,
                7.176788198540997
            ]
        ],
        "H": [
            0.048388206245946294,
            0.44468450918314567,
            0.03513541068833937,
            0.40212282609019306,
            0.06966904779238804
        ],
        "tL": [
            1.0,
            0.0,
            0.0,
            0.0,
            0.0
        ],
        "tR": [
            0.0,
            0.0,
            0.0,
            0.0,
            1.0
        ]
    },
    "h0.0147059_beta2.94118_equi_exact_p2": {
        "name": "EXP_h0.0147059_beta2.94118_equi_exact_p2",
        "basis": [
            "1",
            "x",
            "exp(2.94118x)"
        ],
        "quad_basis": [
            "1",
            "x",
            "exp(2.94118x)",
            "x*exp(2.94118x)",
            "exp(2*2.94118x)"
        ],
        "op_type": "closed",
        "selector": 0,
        "interval": [
            0.0,
            1.0
        ],
        "nodes": [
            0.0,
            0.25,
            0.5,
            0.75,
            1.0
        ],
        "D": [
            [
                -9.442774332720951,
                14.089414447426648,
                -2.4915194671077856,
                -3.5141070771768903,
                1.3589864295790541
            ],
            [
                -1.72734496255021,
                -4.995957384671523e-15,
                0.7473283828657519,
                1.4147230844693102,
                -0.4347065047848515
            ],
            [
                2.764126608737282,
                -6.7626823722030895,
                2.331641929748813e-14,
                5.231540681656879,
                -1.2329849181911305
            ],
            [
                0.46865515584858547,
                -1.5389471838369655,
                -0.6288895359419346,
                -5.301376775675286e-15,
                1.6991815639303092
            ],
            [
                -1.0224056842857072,
                2.66758422632607,
                0.8361270097246757,
                -9.585383961283162,
                7.1040784095181655
            ]
        ],
        "H": [
            0.05295053999833598,
            0.4319010501238617,
            0.04772838580646429,
            0.39703791802220545,
            0.07038210604912383
        ],
        "tL": [
            1.0,
            0.0,
            0.0,
            0.0,
            0.0
        ],
        "tR": [
            0.0,
            0.0,
            0.0,
            0.0,
            1.0
        ]
    },
    "h0.0135135_beta2.7027_equi_exact_p2": {
        "name": "EXP_h0.0135135_beta2.7027_equi_exact_p2",
        "basis": [
            "1",
            "x",
            "exp(2.7027x)"
        ],
        "quad_basis": [
            "1",
            "x",
            "exp(2.7027x)",
            "x*exp(2.7027x)",
            "exp(2*2.7027x)"
        ],
        "op_type": "closed",
        "selector": 0,
        "interval": [
            0.0,
            1.0
        ],
        "nodes": [
            0.0,
            0.25,
            0.5,
            0.75,
            1.0
        ],
        "D": [
            [
                -8.613454595822336,
                12.500345868413204,
                -1.9181663163410458,
                -3.2108865892681004,
                1.2421616330182734
            ],
            [
                -1.7386400398417539,
                6.389220432559128e-16,
                0.7674191330906822,
                1.4197218931855569,
                -0.44850098643448927
            ],
            [
                1.7834714400317322,
                -5.130088697896991,
                -1.0589416492473557e-14,
                4.2563803335632056,
                -0.9097630756979721
            ],
            [
                0.47684604283859283,
                -1.5158940517247341,
                -0.6798510080901308,
                -3.841808174608804e-15,
                1.7188990169762701
            ],
            [
                -1.011476905495689,
                2.6257514587284665,
                0.7967576973511412,
                -9.424862148904378,
                7.013829898320418
            ]
        ],
        "H": [
            0.05804871836701945,
            0.4173543920407452,
            0.062432789098323754,
            0.39087637221297716,
            0.07128772828091107
        ],
        "tL": [
            1.0,
            0.0,
            0.0,
            0.0,
            0.0
        ],
        "tR": [
            0.0,
            0.0,
            0.0,
            0.0,
            1.0
        ]
    },
    "h0.0125_beta2.5_equi_exact_p2": {
        "name": "EXP_h0.0125_beta2.5_equi_exact_p2",
        "basis": [
            "1",
            "x",
            "exp(2.5x)"
        ],
        "quad_basis": [
            "1",
            "x",
            "exp(2.5x)",
            "x*exp(2.5x)",
            "exp(2*2.5x)"
        ],
        "op_type": "closed",
        "selector": 0,
        "interval": [
            0.0,
            1.0
        ],
        "nodes": [
            0.0,
            0.25,
            0.5,
            0.75,
            1.0
        ],
        "D": [
            [
                -8.099201465307875,
                11.513157842551198,
                -1.5572724318533817,
                -3.0281228027162808,
                1.1714388573263275
            ],
            [
                -1.7479482475263592,
                1.7436404605637316e-15,
                0.7839595273876984,
                1.4238739353300043,
                -0.45988521519134806
            ],
            [
                1.3064966522542625,
                -4.332147519468043,
                7.717355647393036e-16,
                3.770455949387376,
                -0.7448050821735988
            ],
            [
                0.4842744654611776,
                -1.4998765517179877,
                -0.718734103345336,
                1.1764846078512022e-15,
                1.7343361896021499
            ],
            [
                -1.0039053471619575,
                2.5959031061585365,
                0.7608027386990703,
                -9.293693407226034,
                6.9408929095304
            ]
        ],
        "H": [
            0.061734481126528316,
            0.40662463922691156,
            0.07358411932188022,
            0.38601991916933964,
            0.07203684115533035
        ],
        "tL": [
            1.0,
            0.0,
            0.0,
            0.0,
            0.0
        ],
        "tR": [
            0.0,
            0.0,
            0.0,
            0.0,
            1.0
        ]
    },
    "h0.0119048_beta2.38095_equi_exact_p2": {
        "name": "EXP_h0.0119048_beta2.38095_equi_exact_p2",
        "basis": [
            "1",
            "x",
            "exp(2.38095x)"
        ],
        "quad_basis": [
            "1",
            "x",
            "exp(2.38095x)",
            "x*exp(2.38095x)",
            "exp(2*2.38095x)"
        ],
        "op_type": "closed",
        "selector": 0,
        "interval": [
            0.0,
            1.0
        ],
        "nodes": [
            0.0,
            0.25,
            0.5,
            0.75,
            1.0
        ],
        "D": [
            [
                -7.855479907924957,
                11.04473270885143,
                -1.3844037482030442,
                -2.943470998447695,
                1.1386219457243052
            ],
            [
                -1.7532691863101735,
                1.3120916616794147e-15,
                0.7934143856614225,
                1.426247973917872,
                -0.4663931732691193
            ],
            [
                1.1071131617638685,
                -3.9970163784612978,
                -4.456114180615588e-15,
                3.562596488328179,
                -0.6726932716307599
            ],
            [
                0.4887480469824728,
                -1.4918560651166746,
                -0.7397119962899628,
                -8.804878901478259e-16,
                1.7428200144241612
            ],
            [
                -1.000091052529392,
                2.580588671952632,
                0.7388356252520395,
                -9.219073056244266,
                6.899739811568976
            ]
        ],
        "H": [
            0.06364983500187921,
            0.40096262459145454,
            0.07959174652816624,
            0.383329293161823,
            0.0724665007166845
        ],
        "tL": [
            1.0,
            0.0,
            0.0,
            0.0,
            0.0
        ],
        "tR": [
            0.0,
            0.0,
            0.0,
            0.0,
            1.0
        ]
    },
    "h0.0111111_beta2.22222_equi_exact_p2": {
        "name": "EXP_h0.0111111_beta2.22222_equi_exact_p2",
        "basis": [
            "1",
            "x",
            "exp(2.22222x)"
        ],
        "quad_basis": [
            "1",
            "x",
            "exp(2.22222x)",
            "x*exp(2.22222x)",
            "exp(2*2.22222x)"
        ],
        "op_type": "closed",
        "selector": 0,
        "interval": [
            0.0,
            1.0
        ],
        "nodes": [
            0.0,
            0.25,
            0.5,
            0.75,
            1.0
        ],
        "D": [
            [
                -7.582438038929884,
                10.519513038139014,
                -1.1891125204745419,
                -2.850561917748969,
                1.1025994390143667
            ],
            [
                -1.7601748265374406,
                4.422510763636078e-16,
                0.8056920275290113,
                1.4293152510917113,
                -0.4748324520832824
            ],
            [
                0.9011835184975179,
                -3.6492127653763267,
                -8.586497401263317e-18,
                3.3429042221388836,
                -0.5948749752600838
            ],
            [
                0.49475668002367257,
                -1.4826172411460925,
                -0.7655874983281982,
                3.144068905855837e-17,
                1.7534480594506168
            ],
            [
                -0.9956383470716423,
                2.5625011647671943,
                0.7087927378501879,
                -9.122535581715336,
                6.846880026169604
            ]
        ],
        "H": [
            0.06594185108178806,
            0.39409503633140164,
            0.08701033600276291,
            0.37992681467307315,
            0.0730259619109637
        ],
        "tL": [
            1.0,
            0.0,
            0.0,
            0.0,
            0.0
        ],
        "tR": [
            0.0,
            0.0,
            0.0,
            0.0,
            1.0
        ]
    },
    "h0.01_beta2_equi_exact_p2": {
        "name": "EXP_h0.01_beta2_equi_exact_p2",
        "basis": [
            "1",
            "x",
            "exp(2x)"
        ],
        "quad_basis": [
            "1",
            "x",
            "exp(2x)",
            "x*exp(2x)",
            "exp(2*2x)"
        ],
        "op_type": "closed",
        "selector": 0,
        "interval": [
            0.0,
            1.0
        ],
        "nodes": [
            0.0,
            0.25,
            0.5,
            0.75,
            1.0
        ],
        "D": [
            [
                -7.2786791924968846,
                9.9347297173558,
                -0.9696425341390232,
                -2.750187313801751,
                1.0637793230818806
            ],
            [
                -1.7694357549163884,
                1.690080473054715e-15,
                0.8221852101501146,
                1.433372599365328,
                -0.48612205459905616
            ],
            [
                0.6915460358732821,
                -3.2923072317369697,
                1.4700605124441407e-15,
                3.1107375517178633,
                -0.5099763558541779
            ],
            [
                0.5030940062604342,
                -1.472201393564772,
                -0.7978859221737182,
                -2.4636258492214733e-15,
                1.7669933094780481
            ],
            [
                -0.9904448399956933,
                2.541237944716475,
                0.6657625351224029,
                -8.99345954441169,
                6.776903904568404
            ]
        ],
        "H": [
            0.06869378176680979,
            0.38569027059619226,
            0.09631811792233091,
            0.37551782529953043,
            0.07378000441513378
        ],
        "tL": [
            1.0,
            0.0,
            0.0,
            0.0,
            0.0
        ],
        "tR": [
            0.0,
            0.0,
            0.0,
            0.0,
            1.0
        ]
    },
    "h0.00625_beta1.25_equi_exact_p2": {
        "name": "EXP_h0.00625_beta1.25_equi_exact_p2",
        "basis": [
            "1",
            "x",
            "exp(1.25x)"
        ],
        "quad_basis": [
            "1",
            "x",
            "exp(1.25x)",
            "x*exp(1.25x)",
            "exp(2*1.25x)"
        ],
        "op_type": "closed",
        "selector": 0,
        "interval": [
            0.0,
            1.0
        ],
        "nodes": [
            0.0,
            0.25,
            0.5,
            0.75,
            1.0
        ],
        "D": [
            [
                -6.68446250118096,
                8.79169631700939,
                -0.5353374772011746,
                -2.5665639919018908,
                0.9946676532746396
            ],
            [
                -1.7962536843222678,
                -6.970306159768854e-16,
                0.8704244690554552,
                1.4441657991781593,
                -0.5183365839113473
            ],
            [
                0.3354348905671079,
                -2.6694186095703754,
                -7.035519665113106e-16,
                2.666516266442674,
                -0.33253254743940047
            ],
            [
                0.5278213947228029,
                -1.4536403016077066,
                -0.8751823370340517,
                -2.2047132825349128e-16,
                1.801001243918955
            ],
            [
                -0.9790512897226546,
                2.4971482001457908,
                0.5223733617863636,
                -8.61998616511947,
                6.579515892909958
            ]
        ],
        "H": [
            0.07480032985623959,
            0.3661074102438443,
            0.11937762291619507,
            0.3637212040111232,
            0.07599343297259856
        ],
        "tL": [
            1.0,
            0.0,
            0.0,
            0.0,
            0.0
        ],
        "tR": [
            0.0,
            0.0,
            0.0,
            0.0,
            1.0
        ]
    },
    "h0.0625_beta12.5_equi_exact_p2": {
        "name": "EXP_h0.0625_beta12.5_equi_exact_p2",
        "basis": [
            "1",
            "x",
            "exp(12.5x)"
        ],
        "quad_basis": [
            "1",
            "x",
            "exp(12.5x)",
            "x*exp(12.5x)",
            "exp(2*12.5x)"
        ],
        "op_type": "closed",
        "selector": 0,
        "interval": [
            0.0,
            1.0
        ],
        "nodes": [
            0.0,
            0.07692307692307693,
            0.15384615384615385,
            0.23076923076923078,
            0.3076923076923077,
            0.38461538461538464,
            0.46153846153846156,
            0.5384615384615385,
            0.6153846153846154,
            0.6923076923076923,
            0.7692307692307693,
            0.8461538461538463,
            0.9230769230769231,
            1.0
        ],
        "D": [
            [
                -9.278813238641415,
                52.152146781468474,
                58.12076627064838,
                -60.105307047648125,
                -1.4457930388304432,
                5.945531059498537,
                -35.310881880086974,
                -62.97750943981859,
                12.10358579325374,
                -83.9024231583971,
                27.684551489524534,
                112.7023658666481,
                0.6459701024304871,
                -16.33418901101659
            ],
            [
                -46.77927522403074,
                -8.70831369379126e-08,
                -48.26199231211476,
                98.44344091820548,
                -106.41244938804086,
                -54.282924578240966,
                146.1004560196479,
                119.16428397470341,
                -35.18902572845968,
                131.257960480783,
                -147.43615658742388,
                -17.541741027888566,
                -75.8301145651805,
                36.76753850459433
            ],
            [
                -47.303099736668045,
                43.79073314318853,
                -5.3537968984222204e-08,
                -21.132562789526368,
                42.12230108850338,
                23.979726952996163,
                -24.487629020663405,
                -16.45348311962499,
                4.8707917996337775,
                -13.8465275033683,
                22.182469356879984,
                -45.03065561561189,
                41.51897023553335,
                -10.211034452987736
            ],
            [
                44.84890620695376,
                -81.89257479166805,
                19.37460848952272,
                -2.5690522255524715e-08,
                29.211499688242846,
                12.089751212109537,
                -25.01215140084957,
                -12.903471112694017,
                9.23253557864598,
                -7.457909240829182,
                31.606827537279027,
                -26.582464332505534,
                8.452217487805006,
                -0.9677750733630966
            ],
            [
                0.999595118547268,
                82.02177624938365,
                -35.782596223708126,
                -27.06654638212044,
                -7.702143882930368e-09,
                -9.680435979159212,
                -36.052133925358525,
                -19.45678054429002,
                1.8673898093529726,
                -7.328001348693021,
                31.378963098862616,
                -11.238737405713408,
                48.88272727025475,
