{
    "poly_p3_closed": {
        "basis": [
            "P_0(x)",
            "P_1(x)",
            "P_2(x)",
            "P_3(x)"
        ],
        "quad_basis": [
            "P_0(x)",
            "P_1(x)",
            "P_2(x)",
            "P_3(x)",
            "P_4(x)",
            "P_5(x)"
        ],
        "op_type": "closed",
        "interval": [
            0.0,
            1.0
        ],
        "nodes": [
            0.0,
            0.276393202250021,
            0.7236067977499789,
            1.0
        ],
        "D": [
            [
                -6.0,
                8.090169943749475,
                -3.090169943749474,
                1.0
            ],
            [
                -1.618033988749895,
                9.91511986848699e-43,
                2.23606797749979,
                -0.6180339887498949
            ],
            [
                0.6180339887498949,
                -2.23606797749979,
                2.32176490870844e-42,
                1.618033988749895
            ],
            [
                -1.0,
                3.090169943749474,
                -8.090169943749475,
                6.0
            ]
        ],
        "H": [
            0.08333333333333333,
            0.4166666666666667,
            0.4166666666666667,
            0.08333333333333333
        ],
        "tL": [
            1.0,
            0.0,
            0.0,
            0.0
        ],
        "tR": [
            0.0,
            0.0,
            0.0,
            1.0
        ]
    },
    "poly_p4_closed": {
        "basis": [
            "P_0(x)",
            "P_1(x)",
            "P_2(x)",
            "P_3(x)",
            "P_4(x)"
        ],
        "quad_basis": [
            "P_0(x)",
            "P_1(x)",
            "P_2(x)",
            "P_3(x)",
            "P_4(x)",
            "P_5(x)",
            "P_6(x)",
            "P_7(x)"
        ],
        "op_type": "closed",
        "interval": [
            0.0,
            1.0
        ],
        "nodes": [
            0.0,
            0.17267316464601143,
            0.5,
            0.8273268353539885,
            1.0
        ],
        "D": [
            [
                -10.0,
                13.51300497744848,
                -5.333333333333333,
                2.8203283558848535,
                -1.0
            ],
            [
                -2.4819805060619657,
                1.808011330610452e-41,
                3.4914862437758782,
                -1.5275252316519468,
                0.5180194939380343
            ],
            [
                0.75,
                -2.6731691553909065,
                -0.0,
                2.6731691553909065,
                -0.75
            ],
            [
                -0.5180194939380343,
                1.5275252316519468,
                -3.4914862437758782,
                -8.767564846412937e-42,
                2.4819805060619657
            ],
            [
                1.0,
                -2.8203283558848535,
                5.333333333333333,
                -13.51300497744848,
                10.0
            ]
        ],
        "H": [
            0.05,
            0.2722222222222222,
            0.35555555555555557,
            0.2722222222222222,
            0.05
        ],
        "tL": [
            1.0,
            0.0,
            0.0,
            0.0,
            0.0
        ],
        "tR": [
            0.0,
            0.0,
            0.0,
            0.0,
            1.0
        ]
    },
    "exp_p3_alpha80.0_div8_pureFalse_sequential_closed_v3": {
        "basis": [
            "P_0(x)",
            "P_1(x)",
            "P_2(x)",
            "P_3(x)",
            "exp((80.0/8)x)"
        ],
        "quad_basis": [
            "P_0(x)",
            "P_1(x)",
            "P_2(x)",
            "P_3(x)",
            "P_4(x)",
            "P_5(x)",
            "x^0 exp((80.0/8)x)",
            "x^1 exp((80.0/8)x)",
            "x^2 exp((80.0/8)x)",
            "x^3 exp((80.0/8)x)",
            "exp(2 * (80.0/8)x)"
        ],
        "op_type": "half-open-left",
        "selector": 0,
        "interval": [
            0.0,
            1.0
        ],
        "nodes": [
            0.05812689568740542,
            0.2715805207138586,
            0.545333520667343,
            0.781270495663279,
            0.9352983775157785,
            1.0
        ],
        "D": [
            [
                -8.432255001934228,
                12.89639945989556,
                -6.733054310571761,
                3.1578878852028875,
                -1.2565919436403903,
                0.3676139110479333
            ],
            [
                -1.6629900269787063,
                -1.5910314769767115,
                4.603765760525357,
                -1.9370180966048225,
                0.8619403215659965,
                -0.2746664815311131
            ],
            [
                0.5235920742027614,
                -2.706824722029215,
                -0.5353568660742063,
                3.7506510838492337,
                -1.5211777545958092,
                0.48911618464723555
            ],
            [
                -0.3345377995105735,
                1.4178962510505964,
                -4.379723032802733,
                -0.15816292994993358,
                4.7630499217696265,
                -1.308522410556983
            ],
            [
                0.3199788933544922,
                -1.287863903831135,
                3.2545566169237063,
                -8.414010459504722,
                -0.04049080674756172,
                6.1678296598052205
            ],
            [
                -0.6942527475077818,
                2.7559199888570127,
                -6.656950151984231,
                14.431242388715319,
                -38.38256481623046,
                28.546605338150144
            ]
        ],
        "H": [
            0.14488251664449145,
            0.2632569836471766,
            0.26696745080033063,
            0.19806647851181547,
            0.10932346742974143,
            0.017503102966444452
        ],
        "tL": [
            1.5631291217735868,
            -0.9152596872107952,
            0.534645411098393,
            -0.25030690987783094,
            0.09409139591557793,
            -0.026299331698931554
        ],
        "tR": [
            0.0,
            0.0,
            0.0,
            0.0,
            0.0,
            1.0
        ]
    },
    "exp_p3_alpha80.0_div16_pureFalse_sequential_closed_v3": {
        "basis": [
            "P_0(x)",
            "P_1(x)",
            "P_2(x)",
            "P_3(x)",
            "exp((80.0/16)x)"
        ],
        "quad_basis": [
            "P_0(x)",
            "P_1(x)",
            "P_2(x)",
            "P_3(x)",
            "P_4(x)",
            "P_5(x)",
            "x^0 exp((80.0/16)x)",
            "x^1 exp((80.0/16)x)",
            "x^2 exp((80.0/16)x)",
            "x^3 exp((80.0/16)x)",
            "exp(2 * (80.0/16)x)"
        ],
        "op_type": "half-open-left",
        "selector": 0,
        "interval": [
            0.0,
            1.0
        ],
        "nodes": [
            0.048898542784147965,
            0.23500951401999962,
            0.4934667925267914,
            0.7414652442371206,
            0.9201742968427241,
            1.0
        ],
        "D": [
            [
                -9.856063480553894,
                15.099064261997354,
                -8.253856859439727,
                4.652824929939745,
                -2.4877768543203653,
                0.8458080023768885
            ],
            [
                -1.8806612163960748,
                -1.7303101426258407,
                5.224884334016862,
                -2.469270806000169,
                1.3051601248963671,
                -0.4498022938911448
            ],
            [
                0.5499066896359064,
                -2.756941318886713,
                -0.5845650376203626,
                3.948957770420367,
                -1.739094028767449,
                0.5817359252182512
            ],
            [
                -0.3297373975957111,
                1.3363998392048093,
                -3.949761886291374,
                -0.23286438034125811,
                4.411732508226143,
                -1.2357686832026085
            ],
            [
                0.30737134377868464,
                -1.1711454005795767,
                2.775035151587595,
                -6.936561012670514,
                -0.10938322402208023,
                5.134683141905891
            ],
            [
                -0.6623861390189859,
                2.4789211809195986,
                -5.569338908439435,
                11.540039505937889,
                -30.426301243052052,
                22.639065603652988
            ]
        ],
        "H": [
            0.12273678139581008,
            0.2367603354812795,
            0.2657078237687625,
            0.22043961546810578,
            0.1323424094268012,
            0.022013034459240927
        ],
        "tL": [
            1.5554430293880714,
            -0.9051727015931872,
            0.5573571637602074,
            -0.32041390250313945,
            0.1701531041030616,
            -0.05736669315501373
        ],
        "tR": [
            0.0,
            0.0,
            0.0,
            0.0,
            0.0,
            1.0
        ]
    },
    "exp_p3_alpha80.0_div32_pureFalse_sequential_closed_v3": {
        "basis": [
            "P_0(x)",
            "P_1(x)",
            "P_2(x)",
            "P_3(x)",
            "exp((80.0/32)x)"
        ],
        "quad_basis": [
            "P_0(x)",
            "P_1(x)",
            "P_2(x)",
            "P_3(x)",
            "P_4(x)",
            "P_5(x)",
            "x^0 exp((80.0/32)x)",
            "x^1 exp((80.0/32)x)",
            "x^2 exp((80.0/32)x)",
            "x^3 exp((80.0/32)x)",
            "exp(2 * (80.0/32)x)"
        ],
        "op_type": "half-open-left",
        "selector": 0,
        "interval": [
            0.0,
            1.0
        ],
        "nodes": [
            0.04427448959508193,
            0.21636086999913534,
            0.46593744740397625,
            0.7190804621163525,
            0.9112205986260021,
            1.0
        ],
        "D": [
            [
                -10.971364192851661,
                17.098460990812764,
                -10.045833137258454,
                6.416528330236653,
                -3.95176506962838,
                1.4539730786890779
            ],
            [
                -1.9606408055612046,
                -1.9849274110656923,
                5.843829856910007,
                -3.0174534149199568,
                1.7570759693171494,
                -0.6378841946803026
            ],
            [
                0.5349728992545402,
                -2.7034676790220753,
                -0.743997767303982,
                4.194749737362788,
                -1.957548660548049,
                0.6752914702567784
            ],
            [
                -0.30281370412910735,
                1.225521400641093,
                -3.6568602107704415,
                -0.36766650492361447,
                4.3401628653327915,
                -1.2383438461507212
            ],
            [
                0.27277762907250597,
                -1.0316366059817597,
                2.4409369743570033,
                -6.179119000764265,
                -0.2258125545099431,
                4.7228535578264585
            ],
            [
                -0.5801131605296462,
                2.1495915846925646,
                -4.8009857309821,
                10.01674959139848,
                -26.80744708636201,
                20.022204801782713
            ]
        ],
        "H": [
            0.11159887404990816,
            0.22273073054229492,
            0.26361406619315464,
            0.23169594334507665,
            0.14561119590804664,
            0.024749189961519036
        ],
        "tL": [
            1.564859029250702,
            -0.9403237020729487,
            0.6263038825963498,
            -0.4127634617905614,
            0.2564403872764342,
            -0.09451613525997606
        ],
        "tR": [
            0.0,
            0.0,
            0.0,
            0.0,
            0.0,
            1.0
        ]
    },
    "exp_p3_alpha80.0_div64_pureFalse_sequential_closed_v3": {
        "basis": [
            "P_0(x)",
            "P_1(x)",
            "P_2(x)",
            "P_3(x)",
            "exp((80.0/64)x)"
        ],
        "quad_basis": [
            "P_0(x)",
            "P_1(x)",
            "P_2(x)",
            "P_3(x)",
            "P_4(x)",
            "P_5(x)",
            "x^0 exp((80.0/64)x)",
            "x^1 exp((80.0/64)x)",
            "x^2 exp((80.0/64)x)",
            "x^3 exp((80.0/64)x)",
            "exp(2 * (80.0/64)x)"
        ],
        "op_type": "half-open-left",
        "selector": 0,
        "interval": [
            0.0,
            1.0
        ],
        "nodes": [
            0.04201442829767925,
            0.20712127466969404,
            0.45197218442768344,
            0.7073965298055289,
            0.9064318829130398,
            1.0
        ],
        "D": [
            [
                -11.675296446653048,
                18.44058148691616,
                -11.361308863159946,
                7.740427167074418,
                -5.075893250763167,
                1.9314899065855826
            ],
            [
                -1.9837707060985448,
                -2.1890522910573473,
                6.276860960557303,
                -3.416347433372456,
                2.0927792911602743,
                -0.7804698211892297
            ],
            [
                0.5147442326941137,
                -2.6410778882518153,
                -0.8825155872508953,
                4.3861732823665776,
                -2.1249707539065423,
                0.7476467143485621
            ],
            [
                -0.2786410103450055,
                1.139593862272448,
                -3.471107918683787,
                -0.4852993820423372,
                4.356594157647415,
                -1.261139708848733
            ],
            [
                0.2436443475693424,
                -0.9283316555943091,
                2.230314861631881,
                -5.770651992373799,
                -0.3325399099709379,
                4.557564348737823
            ],
            [
                -0.5116778925507522,
                1.9076849833552914,
                -4.316730907796547,
                9.180315237344145,
                -25.039365529256525,
                18.779774108904387
            ]
        ],
        "H": [
            0.10613670717931348,
            0.21560408731805233,
            0.26217004317448483,
            0.23724336566773863,
            0.1526157014338736,
            0.02623009522653713
        ],
        "tL": [
            1.5742792129670604,
            -0.9715643275716856,
            0.6802487039483766,
            -0.4798626027358202,
            0.3185931939479306,
            -0.1216941805558618
        ],
        "tR": [
            0.0,
            0.0,
            0.0,
            0.0,
            0.0,
            1.0
        ]
    },
    "exp_p3_alpha80.0_div80_pureFalse_sequential_closed_v3": {
        "basis": [
            "P_0(x)",
            "P_1(x)",
            "P_2(x)",
            "P_3(x)",
            "exp((80.0/80)x)"
        ],
        "quad_basis": [
            "P_0(x)",
            "P_1(x)",
            "P_2(x)",
            "P_3(x)",
            "P_4(x)",
            "P_5(x)",
            "x^0 exp((80.0/80)x)",
            "x^1 exp((80.0/80)x)",
            "x^2 exp((80.0/80)x)",
            "x^3 exp((80.0/80)x)",
            "exp(2 * (80.0/80)x)"
        ],
        "op_type": "half-open-left",
        "selector": 0,
        "interval": [
            0.0,
            1.0
        ],
        "nodes": [
            0.04156859202107422,
            0.2052873312945301,
            0.4491726640448862,
            0.7050278072235241,
            0.9054518982767957,
            1.0
        ],
        "D": [
            [
                -11.828666261494197,
                18.73869515555103,
                -11.661487623807327,
                8.0452076146383,
                -5.336538087493212,
                2.0427892026054026
            ],
            [
                -1.98686979058159,
                -2.236661479798435,
                6.374511475989412,
                -3.5076555522828703,
                2.1701895241308593,
                -0.8135141774573763
            ],
            [
                0.5095546447658129,
                -2.6253623068481033,
                -0.9156552585861644,
                4.430989797104528,
                -2.164139909566096,
                0.7646130331300226
            ],
            [
                -0.2728489821066671,
                1.1196446845501826,
                -3.430195611389586,
                -0.5137637566999058,
                4.36500303668765,
                -1.2678393710416733
            ],
            [
                0.23677000700647327,
                -0.9046600944482885,
                2.1840661411887026,
                -5.6856206236120475,
                -0.35882607997897453,
                4.528270649844135
            ],
            [
                -0.4955847475850719,
                1.8524050605971707,
                -4.210452490673655,
                9.00486277608971,
                -24.686879264632715,
                18.535648666204562
            ]
        ],
        "H": [
            0.1050574929373699,
            0.21417427252502097,
            0.26184954592197457,
            0.23834224463495762,
            0.15404189868378776,
            0.026534545296889145
        ],
        "tL": [
            1.576508815215083,
            -0.978810855396043,
            0.6924794779368633,
            -0.4948769685163047,
            0.3324883476370921,
            -0.12778881687669089
        ],
        "tR": [
            0.0,
            0.0,
            0.0,
            0.0,
            0.0,
            1.0
        ]
    },
    "exp_p3_alpha80.0_div100_pureFalse_sequential_closed_v3": {
        "basis": [
            "P_0(x)",
            "P_1(x)",
            "P_2(x)",
            "P_3(x)",
            "exp((80.0/100)x)"
        ],
        "quad_basis": [
            "P_0(x)",
            "P_1(x)",
            "P_2(x)",
            "P_3(x)",
            "P_4(x)",
            "P_5(x)",
            "x^0 exp((80.0/100)x)",
            "x^1 exp((80.0/100)x)",
            "x^2 exp((80.0/100)x)",
            "x^3 exp((80.0/100)x)",
            "exp(2 * (80.0/100)x)"
        ],
        "op_type": "half-open-left",
        "selector": 0,
        "interval": [
            0.0,
            1.0
        ],
        "nodes": [
            0.041213604551836126,
            0.20382427988042498,
            0.4469325534332138,
            0.7031260221789402,
            0.9046629100384541,
            1.0
        ],
        "D": [
            [
                -11.954341537362005,
                18.98418909547766,
                -11.910386726723173,
                8.298511341089819,
                -5.553507967139228,
                2.1355357946569278
            ],
            [
                -1.988999695990376,
                -2.276342173931038,
                6.455258063905824,
                -3.5834599418778925,
                2.2345671731096615,
                -0.841023425216179
            ],
            [
                0.5051366247158846,
                -2.6120302840559058,
                -0.9434659703446461,
                4.4684234891163,
                -2.196850900149884,
                0.7787870407182513
            ],
            [
                -0.2679930092068511,
                1.103037670902549,
                -3.3965680717958984,
                -0.5377348112871527,
                4.3729774269295465,
                -1.2737192055421933
            ],
            [
                0.23102930129120797,
                -0.8850234644359263,
                2.1460909985619954,
                -5.616785843005884,
                -0.38105914303697835,
                4.505748150625585
            ],
            [
                -0.4821589406691214,
                1.8065869569222672,
                -4.12321044442954,
                8.862530989755186,
                -24.40513546092429,
                18.341386899345498
            ]
        ],
        "H": [
            0.10419776294197268,
            0.2130298558258899,
            0.26158560484956733,
            0.23921836964518792,
            0.1551884171701703,
            0.026779989567211834
        ],
        "tL": [
            1.5783634851563335,
            -0.9848135306979914,
            0.7025626185723066,
            -0.5072199618658072,
            0.3439068631363154,
            -0.13279947430115682
        ],
        "tR": [
            0.0,
            0.0,
            0.0,
            0.0,
            0.0,
            1.0
        ]
    },
    "exp_p3_alpha80.0_div8_pureTrue_sequential_open_v3": {
        "basis": [
            "P_0(x)",
            "P_1(x)",
            "P_2(x)",
            "P_3(x)",
            "exp((80.0/8)x)"
        ],
        "quad_basis": [
            "P_0(x)",
            "P_1(x)",
            "P_2(x)",
            "P_3(x)",
            "P_4(x)",
            "P_5(x)",
            "x^0 exp((80.0/8)x)",
            "x^1 exp((80.0/8)x)",
            "x^2 exp((80.0/8)x)",
            "x^3 exp((80.0/8)x)",
            "exp(2 * (80.0/8)x)"
        ],
        "op_type": "half-open-right",
        "selector": 0,
        "interval": [
            0.0,
            1.0
        ],
        "nodes": [
            0.0,
            0.14089773345604595,
            0.4007980604646566,
            0.6662913319248978,
            0.8645993476603302,
            0.9745585207079219
        ],
        "D": [
            [
                -11.673690426760867,
                15.263508225935414,
                -4.988419219258137,
                1.8941368696790488,
                -0.6332927875030615,
                0.13775733790760247
            ],
            [
                -3.234094068425606,
                0.4043632303291883,
                3.7643804714169016,
                -1.27608882318933,
                0.4386701285339247,
                -0.09723093866507891
            ],
            [
                0.985530063923555,
                -3.5081778101967256,
                0.24281782542291966,
                3.00941620217223,
                -0.9353470300243714,
                0.20576074870239205
            ],
            [
                -0.3285154508454285,
                1.1753859437463774,
                -3.5282412794787334,
                3.983837575085964e-06,
                3.31621694477453,
                -0.6348501420343204
            ],
            [
                -0.6090584327866316,
                1.1080829337432523,
                0.1769419358711989,
                -5.1099630216789915,
                1.3051157019045707,
                3.1288808829466013
            ],
            [
                4.254219013341069,
                -9.328402683500764,
                7.567291978592416,
                2.284109571835576,
                -21.964432448474383,
                17.187214568206088
            ]
        ],
        "H": [
            0.0412935749456691,
            0.21957684712731954,
            0.2798987561956519,
            0.2388840304599981,
            0.15485711644008363,
            0.06548967483127772
        ],
        "tL": [
            1.0,
            0.0,
            0.0,
            0.0,
            0.0,
            0.0
        ],
        "tR": [
            0.18948134193112662,
            -0.4213995804694193,
            0.3686852514490054,
            -0.001379619640795622,
            -0.6357774047850672,
            1.50039001151515
        ]
    },
    "exp_p3_alpha80.0_div16_pureTrue_sequential_open_v3": {
        "basis": [
            "P_0(x)",
            "P_1(x)",
            "P_2(x)",
            "P_3(x)",
            "exp((80.0/16)x)"
        ],
        "quad_basis": [
            "P_0(x)",
            "P_1(x)",
            "P_2(x)",
            "P_3(x)",
            "P_4(x)",
            "P_5(x)",
            "x^0 exp((80.0/16)x)",
            "x^1 exp((80.0/16)x)",
            "x^2 exp((80.0/16)x)",
            "x^3 exp((80.0/16)x)",
            "exp(2 * (80.0/16)x)"
        ],
        "op_type": "half-open-right",
        "selector": 0,
        "interval": [
            0.0,
            1.0
        ],
        "nodes": [
            0.0,
            0.11957388868407456,
            0.35333973587648654,
            0.6167125713874217,
            0.8360362533690522,
            0.9681929385554356
        ],
        "D": [
            [
                -14.10822477081796,
                18.607652599815008,
                -6.444956139535156,
                2.7871631021575847,
                -1.1218203430904665,
                0.28018555147099
            ],
            [
                -3.6837153281305994,
                0.31669346974527446,
                4.5684961761398135,
                -1.7089828177358066,
                0.6773358438737591,
                -0.16982734389244153
            ],
            [
                0.9989028243276384,
                -3.616763866559165,
                0.11145007581501408,
                3.3704674517203097,
                -1.142995665090449,
                0.2789391797866517
            ],
            [
                -0.3112829965412077,
                1.1449277085296645,
                -3.4256105114528426,
                0.02231769235856948,
                3.2399261357742635,
                -0.670278028668447
            ],
            [
                -0.3942444074617639,
                0.5428790990913456,
                0.7893220262945118,
                -4.895331014073392,
                1.182707271345071,
                2.774667024804228
            ],
            [
                2.9498860392297344,
                -5.935462145126265,
                3.5187766067387796,
                4.006351099616438,
                -18.090627839760682,
                13.551076239301992
            ]
        ],
        "H": [
            0.03443983123434614,
            0.18978049683012696,
            0.26292690526935186,
            0.25121118179792606,
            0.1803915104348311,
            0.08125007443341789
        ],
        "tL": [
            1.0,
            0.0,
            0.0,
            0.0,
            0.0,
            0.0
        ],
        "tR": [
            0.16801856966899656,
            -0.3467051889750569,
            0.24208768463544894,
            0.1058910182442192,
            -0.6532233172203745,
            1.4839312336467667
        ]
    },
    "exp_p3_alpha80.0_div32_pureTrue_sequential_open_v3": {
        "basis": [
            "P_0(x)",
            "P_1(x)",
            "P_2(x)",
            "P_3(x)",
            "exp((80.0/32)x)"
        ],
        "quad_basis": [
            "P_0(x)",
            "P_1(x)",
            "P_2(x)",
            "P_3(x)",
            "P_4(x)",
            "P_5(x)",
            "x^0 exp((80.0/32)x)",
            "x^1 exp((80.0/32)x)",
            "x^2 exp((80.0/32)x)",
            "x^3 exp((80.0/32)x)",
            "exp(2 * (80.0/32)x)"
        ],
        "op_type": "half-open-right",
        "selector": 0,
        "interval": [
            0.0,
            1.0
        ],
        "nodes": [
            0.0,
            0.10888640044931773,
            0.3288650522023952,
            0.5897851960267637,
            0.8195841483264223,
            0.9643765823506955
        ],
        "D": [
            [
                -15.726906601924409,
                20.826719251465143,
                -7.382364791877345,
                3.323632031943193,
                -1.40766600121895,
                0.3665861116123674
            ],
            [
                -3.974026314607538,
                0.27409897617131146,
                5.053624548942696,
                -1.949663433915293,
                0.8057008775157007,
                -0.20973465410687722
            ],
            [
                1.0244410049311576,
                -3.7260803278252217,
                0.0759508191453959,
                3.5526648435123986,
                -1.2389255633461884,
                0.31194922358245786
            ],
            [
                -0.32190423975888194,
                1.1669573618217044,
                -3.406931969777119,
                0.03499542297719784,
                3.2056364905451855,
                -0.6787530658080866
            ],
            [
                -0.29269203245092656,
                0.3142283910866181,
                0.9566039749476702,
                -4.679628897591111,
                1.094407038048114,
                2.6070815259596354
            ],
            [
                2.388479348422649,
                -4.640782607486122,
                2.325694329534106,
                4.10375815337916,
                -16.219684596518196,
                12.042535372668404
            ]
        ],
        "H": [
            0.031036738292931593,
            0.1746607876601284,
            0.2531753884088627,
            0.2562956809003961,
            0.19422877328250052,
            0.09060263145518063
        ],
        "tL": [
            1.0,
            0.0,
            0.0,
            0.0,
            0.0,
            0.0
        ],
        "tR": [
            0.15419543208989056,
            -0.30943284594533926,
            0.1961064921776273,
            0.13393413127607381,
            -0.6520204543905352,
            1.477217244792283
        ]
    },
    "exp_p3_alpha80.0_div64_pureTrue_sequential_open_v3": {
        "basis": [
            "P_0(x)",
            "P_1(x)",
            "P_2(x)",
            "P_3(x)",
            "exp((80.0/64)x)"
        ],
        "quad_basis": [
            "P_0(x)",
            "P_1(x)",
            "P_2(x)",
            "P_3(x)",
            "P_4(x)",
            "P_5(x)",
            "x^0 exp((80.0/64)x)",
            "x^1 exp((80.0/64)x)",
            "x^2 exp((80.0/64)x)",
            "x^3 exp((80.0/64)x)",
            "exp(2 * (80.0/64)x)"
        ],
        "op_type": "half-open-right",
        "selector": 0,
        "interval": [
            0.0,
            1.0
        ],
        "nodes": [
            0.0,
            0.10365180567160275,
            0.31664704783855036,
            0.575971826546862,
            0.8109061393053524,
            0.9623247377846613
        ],
        "D": [
            [
                -16.650267150031013,
                22.09048052346014,
                -7.907902985747275,
                3.6136505037867677,
                -1.5567544292036906,
                0.4107935377350717
            ],
            [
                -4.138458565519705,
                0.254483803026996,
                5.318668574213316,
                -2.0752572804725733,
                0.8695018656175261,
                -0.2289383968655596
            ],
            [
                1.0421054324158574,
                -3.794497943901181,
                0.06380727039247143,
                3.6454350388251777,
                -1.2827653569958855,
                0.32591555926355953
            ],
            [
                -0.3292612341694996,
                1.1800838454550504,
                -3.3986967814753126,
                0.03989832508207539,
                3.1871780125207825,
                -0.679202167413096
            ],
            [
                -0.24778188862387995,
                0.22253597819016005,
                1.0042414553385655,
                -4.557713784189969,
                1.0555553134757576,
                2.5231629258093653
            ],
            [
                2.1373754673431073,
                -4.1012848225161935,
                1.8999955275453884,
                4.052860926456719,
                -15.373318644258717,
                11.384371545429696
            ]
        ],
        "H": [
            0.029383441332113812,
            0.1671835278276588,
            0.24801418902022945,
            0.2585015421506091,
            0.20131148726171816,
            0.09560581240767066
        ],
        "tL": [
            1.0,
            0.0,
            0.0,
            0.0,
            0.0,
            0.0
        ],
        "tR": [
            0.14668232363200326,
            -0.2917036165872896,
            0.17790507817363338,
            0.14362296865712543,
            -0.651913199809321,
            1.4754064459338487
        ]
    },
    "exp_p3_alpha80.0_div80_pureTrue_sequential_open_v3": {
        "basis": [
            "P_0(x)",
            "P_1(x)",
            "P_2(x)",
            "P_3(x)",
            "exp((80.0/80)x)"
        ],
        "quad_basis": [
            "P_0(x)",
            "P_1(x)",
            "P_2(x)",
            "P_3(x)",
            "P_4(x)",
            "P_5(x)",
            "x^0 exp((80.0/80)x)",
            "x^1 exp((80.0/80)x)",
            "x^2 exp((80.0/80)x)",
            "x^3 exp((80.0/80)x)",
            "exp(2 * (80.0/80)x)"
        ],
        "op_type": "half-open-right",
        "selector": 0,
        "interval": [
            0.0,
            1.0
        ],
        "nodes": [
            0.0,
            0.10261797563653305,
            0.31421392200235715,
            0.5731905657599525,
            0.8091399202652161,
            0.9619040600018177
        ],
        "D": [
            [
                -16.844392935568752,
                22.355962706734765,
                -8.017550576514846,
                3.6731562400301505,
                -1.5867248789718866,
                0.41954944429056934
            ],
            [
                -4.172959216675824,
                0.25072497403255317,
                5.373495726707156,
                -2.1006902961056095,
                0.8820683200554447,
                -0.23263950801372094
            ],
            [
                1.0459859254230426,
                -3.809180442216459,
                0.06172860245708659,
                3.6641115088970677,
                -1.291094603978442,
                0.3284490094177039
            ],
            [
                -0.33075735451729826,
                1.182575981685473,
                -3.3969408241032824,
                0.04080256422221224,
                3.1832753556154505,
                -0.6789557229025552
            ],
            [
                -0.23940166492199133,
                0.20619087066890765,
                1.011129421268285,
                -4.5328709929444235,
                1.048636519443387,
                2.5063158464858346
            ],
            [
                2.0896718414562647,
                -4.0017474074779615,
                1.826300479008023,
                4.038343467449345,
                -15.213343795494092,
                11.26077541505842
            ]
        ],
        "H": [
            0.029058148059455866,
            0.1657003305215826,
            0.2469619267903716,
            0.2589138386522275,
            0.20273615192164277,
            0.09662960405471971
        ],
        "tL": [
            1.0,
            0.0,
            0.0,
            0.0,
            0.0,
            0.0
        ],
        "tR": [
            0.14514224820217453,
            -0.2882540930054915,
            0.17461165253716013,
            0.14535713625155808,
            -0.6520682981351834,
            1.4752113541497822
        ]
    },
    "exp_p3_alpha80.0_div100_pureTrue_sequential_open_v3": {
        "basis": [
            "P_0(x)",
            "P_1(x)",
            "P_2(x)",
            "P_3(x)",
            "exp((80.0/100)x)"
        ],
        "quad_basis": [
            "P_0(x)",
            "P_1(x)",
            "P_2(x)",
            "P_3(x)",
            "P_4(x)",
            "P_5(x)",
            "x^0 exp((80.0/100)x)",
            "x^1 exp((80.0/100)x)",
            "x^2 exp((80.0/100)x)",
            "x^3 exp((80.0/100)x)",
            "exp(2 * (80.0/100)x)"
        ],
        "op_type": "half-open-right",
        "selector": 0,
        "interval": [
            0.0,
            1.0
        ],
        "nodes": [
            0.0,
            0.10179448797205883,
            0.3122708834276279,
            0.5709621447702221,
            0.8077202499380534,
            0.9615651934504453
        ],
        "D": [
            [
                -17.001983374400634,
                22.571423749402403,
                -8.1063431321003,
                3.721082449740119,
                -1.610694255298978,
                0.42651456265738996
            ],
            [
                -4.200952064348026,
                0.24775960796451338,
                5.4177918384840025,
                -2.121096924804506,
                0.8920562491562705,
                -0.23555870645225524
            ],
            [
                1.0491669582417156,
                -3.8211517708480836,
                0.06013961469062028,
                3.6790786175282775,
                -1.2976423196628362,
                0.33040890005030643
            ],
            [
                -0.33194571983253035,
                1.1845085438257903,
                -3.395494901131955,
                0.04151508337728276,
                3.1800934996555017,
                -0.6786765058940893
            ],
            [
                -0.2328524931998723,
                0.19360192411498928,
                1.0160432008350664,
                -4.51295635539476,
                1.0433429143955588,
                2.4928208092490176
            ],
            [
                2.052124330346189,
                -3.9240771226289146,
                1.769843224960008,
                4.0260373014577135,
                -15.087764987746382,
                11.163837253611387
            ]
        ],
        "H": [
            0.028799346464489554,
            0.1645173016989919,
            0.2461156668532996,
            0.2592365737518629,
            0.2038772864588221,
            0.09745382477253398
        ],
        "tL": [
            1.0,
            0.0,
            0.0,
            0.0,
            0.0,
            0.0
        ],
        "tR": [
            0.14390267695317446,
            -0.2855196741813839,
            0.17205406925662933,
            0.1467121533735341,
            -0.6522482997034268,
            1.4750990743014727
        ]
    },
    "exp_p3_alpha80.0_div8_pureFalse_simultaneous_closed_v3": {
        "basis": [
            "P_0(x)",
            "P_1(x)",
            "P_2(x)",
            "P_3(x)",
            "exp((80.0/8)x)"
        ],
        "quad_basis": [
            "P_0(x)",
            "P_1(x)",
            "P_2(x)",
            "P_3(x)",
            "P_4(x)",
            "P_5(x)",
            "x^0 exp((80.0/8)x)",
            "x^1 exp((80.0/8)x)",
            "x^2 exp((80.0/8)x)",
            "x^3 exp((80.0/8)x)",
            "exp(2 * (80.0/8)x)"
        ],
        "op_type": "half-open-left",
        "selector": 0,
        "interval": [
            0.0,
            1.0
        ],
        "nodes": [
            0.05812689568740542,
            0.2715805207138586,
            0.545333520667343,
            0.781270495663279,
            0.9352983775157785,
            1.0
        ],
        "D": [
            [
                -8.437963716536077,
