{
    "poly_p4_open": {
        "basis": [
            "P_0(x)",
            "P_1(x)",
            "P_2(x)",
            "P_3(x)",
            "P_4(x)"
        ],
        "quad_basis": [
            "P_0(x)",
            "P_1(x)",
            "P_2(x)",
            "P_3(x)",
            "P_4(x)",
            "P_5(x)",
            "P_6(x)",
            "P_7(x)",
            "P_8(x)",
            "P_9(x)"
        ],
        "op_type": "open",
        "interval": [
            0.0,
            1.0
        ],
        "nodes": [
            0.046910077030668004,
            0.23076534494715845,
            0.5,
            0.7692346550528415,
            0.953089922969332
        ],
        "D": [
            [
                -10.134081191309084,
                15.403904170344488,
                -8.08708750877533,
                3.9207982316665575,
                -1.1035337019266331
            ],
            [
                -1.9205120472639154,
                -1.5167064343357508,
                4.805501304328599,
                -1.8571160532876687,
                0.48883323055873584
            ],
            [
                0.6023363194556628,
                -2.8707764846694825,
                -7.201236915886367e-42,
                2.8707764846694825,
                -0.6023363194556628
            ],
            [
                -0.48883323055873584,
                1.8571160532876687,
                -4.805501304328599,
                1.5167064343357508,
                1.9205120472639154
            ],
            [
                1.1035337019266331,
                -3.9207982316665575,
                8.08708750877533,
                -15.403904170344488,
                10.134081191309084
            ]
        ],
        "H": [
            0.11846344252809454,
            0.23931433524968324,
            0.28444444444444444,
            0.23931433524968324,
            0.11846344252809454
        ],
        "tL": [
            1.551408049094313,
            -0.8931583920000717,
            0.5333333333333333,
            -0.2679416522233875,
            0.0763586617958129
        ],
        "tR": [
            0.0763586617958129,
            -0.2679416522233875,
            0.5333333333333333,
            -0.8931583920000717,
            1.551408049094313
        ]
    },
    "poly_p5_open": {
        "basis": [
            "P_0(x)",
            "P_1(x)",
            "P_2(x)",
            "P_3(x)",
            "P_4(x)",
            "P_5(x)"
        ],
        "quad_basis": [
            "P_0(x)",
            "P_1(x)",
            "P_2(x)",
            "P_3(x)",
            "P_4(x)",
            "P_5(x)",
            "P_6(x)",
            "P_7(x)",
            "P_8(x)",
            "P_9(x)",
            "P_10(x)",
            "P_11(x)"
        ],
        "op_type": "open",
        "interval": [
            0.0,
            1.0
        ],
        "nodes": [
            0.03376524289842399,
            0.16939530676686773,
            0.38069040695840156,
            0.6193095930415985,
            0.8306046932331322,
            0.966234757101576
        ],
        "D": [
            [
                -14.290654263543217,
                22.218567389788113,
                -12.80563336161772,
                7.587122057936119,
                -3.7818229417186564,
                1.072421119155361
            ],
            [
                -2.4466509445028177,
                -2.349704562068192,
                6.977107593694118,
                -3.276687789274829,
                1.5123802239776898,
                -0.4164445218259688
            ],
            [
                0.6488246362813404,
                -3.2103008033638982,
                -0.5060525574186553,
                4.1907778515820615,
                -1.5076667947315057,
                0.3844176676506578
            ],
            [
                -0.3844176676506578,
                1.5076667947315057,
                -4.1907778515820615,
                0.5060525574186553,
                3.2103008033638982,
                -0.6488246362813404
            ],
            [
                0.4164445218259688,
                -1.5123802239776898,
                3.276687789274829,
                -6.977107593694118,
                2.349704562068192,
                2.4466509445028177
            ],
            [
                -1.072421119155361,
                3.7818229417186564,
                -7.587122057936119,
                12.80563336161772,
                -22.218567389788113,
                14.290654263543217
            ]
        ],
        "H": [
            0.08566224618958518,
            0.1803807865240693,
            0.23395696728634552,
            0.23395696728634552,
            0.1803807865240693,
            0.08566224618958518
        ],
        "tL": [
            1.565673200151072,
            -0.940462843176349,
            0.6169300554304887,
            -0.37922770211461376,
            0.19180001403866795,
            -0.05471272432926591
        ],
        "tR": [
            -0.05471272432926591,
            0.19180001403866795,
            -0.37922770211461376,
            0.6169300554304887,
            -0.940462843176349,
            1.565673200151072
        ]
    },
    "exp_p4_alpha80.0_div8_optTrue_simultaneous_open_v6": {
        "basis": [
            "P_0(x)",
            "P_1(x)",
            "P_2(x)",
            "P_3(x)",
            "P_4(x)",
            "exp((80.0/8)x)"
        ],
        "quad_basis": [
            "P_0(x)",
            "P_1(x)",
            "P_2(x)",
            "P_3(x)",
            "P_4(x)",
            "P_5(x)",
            "P_6(x)",
            "P_7(x)",
            "x^0 exp((80.0/8)x)",
            "x^1 exp((80.0/8)x)",
            "x^2 exp((80.0/8)x)",
            "x^3 exp((80.0/8)x)",
            "x^4 exp((80.0/8)x)",
            "exp(2 * (80.0/8)x)"
        ],
        "op_type": "open",
        "selector": 0,
        "interval": [
            0.0,
            1.0
        ],
        "nodes": [
            0.0341212993808258,
            0.16797987727094596,
            0.36696965568858475,
            0.5805563909929897,
            0.7675010974791951,
            0.9043569594148959,
            0.9817945573863437
        ],
        "D": [
            [
                -14.097745131916668,
                21.64258182939229,
                -11.775511048933208,
                6.22793557331323,
                -2.7237745752594322,
                0.9257041050224744,
                -0.19919075161868993
            ],
            [
                -2.562348878900123,
                -2.279764548322084,
                6.892137706002925,
                -2.9601956445628383,
                1.2485156634547243,
                -0.43503143560647917,
                0.0966871379338742
            ],
            [
                0.7294473504881855,
                -3.591551029952282,
                -0.36006940951590866,
                4.320448996264288,
                -1.493929972724252,
                0.5109821996244374,
                -0.11532813418446784
            ],
            [
                -0.45008162583817757,
                1.7730666385584397,
                -4.895087451861884,
                0.721468856329652,
                3.6548854905438195,
                -1.0265630339969865,
                0.22231112626513658
            ],
            [
                0.4452333795536145,
                -1.63500576054627,
                3.562421294488049,
                -7.519120281737247,
                2.092121339390532,
                3.7064775035943276,
                -0.6521274747430066
            ],
            [
                -0.6729712958953055,
                2.4037850948224535,
                -4.8586827625263025,
                8.109785253914554,
                -14.024265415724424,
                5.4251869742802405,
                3.617162151128783
            ],
            [
                2.077442676065327,
                -7.340191876461806,
                14.438690950494715,
                -22.50685236813872,
                31.252360459235526,
                -45.70152070577247,
                27.78007086457742
            ]
        ],
        "H": [
            0.08615585307868634,
            0.17469532195358836,
            0.2144789892533017,
            0.2056822308473224,
            0.1643887464243728,
            0.10789750946222844,
            0.04670134898049999
        ],
        "tL": [
            1.559705546409253,
            -0.916362524135494,
            0.5655228329645698,
            -0.3083272269461455,
            0.1352904688331737,
            -0.045509372795958035,
            0.009680275670600884
        ],
        "tR": [
            0.05894806907296516,
            -0.2078265434081198,
            0.4066465646925623,
            -0.6259810912398219,
            0.8403248893477323,
            -1.0829586459305836,
            1.6108467574652654
        ]
    },
    "exp_p4_alpha80.0_div16_optTrue_simultaneous_open_v6": {
        "basis": [
            "P_0(x)",
            "P_1(x)",
            "P_2(x)",
            "P_3(x)",
            "P_4(x)",
            "exp((80.0/16)x)"
        ],
        "quad_basis": [
            "P_0(x)",
            "P_1(x)",
            "P_2(x)",
            "P_3(x)",
            "P_4(x)",
            "P_5(x)",
            "P_6(x)",
            "P_7(x)",
            "x^0 exp((80.0/16)x)",
            "x^1 exp((80.0/16)x)",
            "x^2 exp((80.0/16)x)",
            "x^3 exp((80.0/16)x)",
            "x^4 exp((80.0/16)x)",
            "exp(2 * (80.0/16)x)"
        ],
        "op_type": "open",
        "selector": 0,
        "interval": [
            0.0,
            1.0
        ],
        "nodes": [
            0.029728398692454316,
            0.14848741006208183,
            0.3322520093939827,
            0.5412913726672035,
            0.7367170086287141,
            0.8886651104002525,
            0.9784559375892619
        ],
        "D": [
            [
                -16.02045468378082,
                24.539313758999956,
                -13.434370446969588,
                7.51320590393983,
                -3.7645350706912035,
                1.5486958182684054,
                -0.38185527976657874
            ],
            [
                -2.868026792755904,
                -2.4957048331262475,
                7.699229875950395,
                -3.484863158522593,
                1.6627160011901412,
                -0.6840857195741941,
                0.17073462683840265
            ],
            [
                0.7737730760146331,
                -3.776241165594364,
                -0.4703761410198545,
                4.75923880233921,
                -1.8222604475241864,
                0.7123348149193021,
                -0.17646893913474046
            ],
            [
                -0.4376823160330804,
                1.7049451283083572,
                -4.693748067175153,
                0.45412985129719613,
                3.9051078651776687,
                -1.2165737555173508,
                0.28382129394236255
            ],
            [
                0.3918751660602855,
                -1.4183962095309761,
                3.059786880643924,
                -6.5680532307942885,
                1.513286073767306,
                3.7163609992163145,
                -0.6948596793625649
            ],
            [
                -0.544463847734388,
                1.9112117287745019,
                -3.8013094276847235,
                6.385222060042108,
                -11.518208821891456,
                4.229050991488305,
                3.3384973170056536
            ],
            [
                1.5985298839029563,
                -5.5401878932561495,
                10.683092858331971,
                -16.65428471183656,
                23.918332479360814,
                -37.010164121744516,
                23.004681505241486
            ]
        ],
        "H": [
            0.07532913841325328,
            0.15735072772498887,
            0.203330073785197,
            0.20812730784488134,
            0.17771806904287837,
            0.12309726946533388,
            0.055047413723467296
        ],
        "tL": [
            1.554493523886837,
            -0.9051452167047711,
            0.5618897576057665,
            -0.3240588919997956,
            0.16336500120153935,
            -0.0669647391371047,
            0.01642056514752855
        ],
        "tR": [
            0.053254287813859845,
            -0.18408128629807313,
            0.35275610381897093,
            -0.5422617561741734,
            0.7513751935593747,
            -1.0225720195915038,
            1.591529476871545
        ]
    },
    "exp_p4_alpha80.0_div32_optTrue_simultaneous_open_v6": {
        "basis": [
            "P_0(x)",
            "P_1(x)",
            "P_2(x)",
            "P_3(x)",
            "P_4(x)",
            "exp((80.0/32)x)"
        ],
        "quad_basis": [
            "P_0(x)",
            "P_1(x)",
            "P_2(x)",
            "P_3(x)",
            "P_4(x)",
            "P_5(x)",
            "P_6(x)",
            "P_7(x)",
            "x^0 exp((80.0/32)x)",
            "x^1 exp((80.0/32)x)",
            "x^2 exp((80.0/32)x)",
            "x^3 exp((80.0/32)x)",
            "x^4 exp((80.0/32)x)",
            "exp(2 * (80.0/32)x)"
        ],
        "op_type": "open",
        "selector": 0,
        "interval": [
            0.0,
            1.0
        ],
        "nodes": [
            0.027555643563835906,
            0.1387605735915778,
            0.31461264577614406,
            0.5207853715107068,
            0.7201095960163494,
            0.8799492621626227,
            0.9765670430021004
        ],
        "D": [
            [
                -17.33936385911417,
                26.745980329331235,
                -15.083350344225275,
                8.91905263773654,
                -4.855292533808902,
                2.192390493016323,
                -0.5794167229357513
            ],
            [
                -3.00279539379105,
                -2.765555450927719,
                8.381674086369372,
                -3.990241036697199,
                2.047926837733311,
                -0.9121102626395496,
                0.2411012199528337
            ],
            [
                0.7695400570667722,
                -3.796209061674339,
                -0.6586494333778011,
                5.129695694341985,
                -2.0907040349547157,
                0.8728978656393631,
                -0.22657108704126408
            ],
            [
                -0.40493536638339667,
                1.5939928451178864,
                -4.492938303831607,
                0.21690077674609018,
                4.1145923834487546,
                -1.3571645704768216,
                0.3295522353790941
            ],
            [
                0.33320322337122205,
                -1.219219748116669,
                2.6926867444006546,
                -6.0108626183062395,
                1.160478494472546,
                3.7762031027902725,
                -0.7324891986117863
            ],
            [
                -0.4272583334911677,
                1.5174619573131518,
                -3.0927861480822028,
                5.403800480834483,
                -10.258011884695906,
                3.614317105744632,
                3.242476822377009
            ],
            [
                1.1876226666693106,
                -4.167652858847945,
                8.243098569656071,
                -13.37630066794727,
                20.21916253248605,
                -32.91959684106604,
                20.81366659904982
            ]
        ],
        "H": [
            0.06996336897287832,
            0.14856809541943258,
            0.19725896809900698,
            0.20876484486591465,
            0.18437296994762592,
            0.13132411311996908,
            0.05974763957517247
        ],
        "tL": [
            1.5582197980184356,
            -0.9186442496922178,
            0.5878051703864922,
            -0.3589935873688856,
            0.19722075470204609,
            -0.08912918286205662,
            0.02352129681618618
        ],
        "tR": [
            0.042524299832242665,
            -0.14886451978310752,
            0.29268738134550965,
            -0.46844306995553847,
            0.6832406305671161,
            -0.9783853985675341,
            1.5772406765613116
        ]
    },
    "exp_p4_alpha80.0_div64_optTrue_simultaneous_open_v6": {
        "basis": [
            "P_0(x)",
            "P_1(x)",
            "P_2(x)",
            "P_3(x)",
            "P_4(x)",
            "exp((80.0/64)x)"
        ],
        "quad_basis": [
            "P_0(x)",
            "P_1(x)",
            "P_2(x)",
            "P_3(x)",
            "P_4(x)",
            "P_5(x)",
            "P_6(x)",
            "P_7(x)",
            "x^0 exp((80.0/64)x)",
            "x^1 exp((80.0/64)x)",
            "x^2 exp((80.0/64)x)",
            "x^3 exp((80.0/64)x)",
            "x^4 exp((80.0/64)x)",
            "exp(2 * (80.0/64)x)"
        ],
        "op_type": "open",
        "selector": 0,
        "interval": [
            0.0,
            1.0
        ],
        "nodes": [
            0.026490772285576662,
            0.13396335174448154,
            0.3058168604897923,
            0.5104106369762561,
            0.711574766109825,
            0.875408654995363,
            0.9755744668067896
        ],
        "D": [
            [
                -18.12100261053354,
                28.126777394708757,
                -16.231482053408207,
                9.936689792369808,
                -5.649079289883889,
                2.6642298813491725,
                -0.7261331146021012
            ],
            [
                -3.0601555864888152,
                -2.9583723289752455,
                8.817249566073661,
                -4.328325488249899,
                2.306104777139665,
                -1.0653102832568773,
                0.288809343757511
            ],
            [
                0.7597236907178353,
                -3.7859236271829966,
                -0.7882806308124658,
                5.35477999311363,
                -2.252855679473728,
                0.9693351499223407,
                -0.2567788962846157
            ],
            [
                -0.3833891291936937,
                1.5246523253555315,
                -4.3770802391861965,
                0.08301755090385085,
                4.232090706900987,
                -1.4336291801019763,
                0.3543379653214966
            ],
            [
                0.30010106398827896,
                -1.1107471760195753,
                2.502490370630297,
                -5.736067500760064,
                0.9875400907907277,
                3.8080360342989645,
                -0.7513528829286287
            ],
            [
                -0.3654063846291683,
                1.315551207354057,
                -2.743549137877127,
                4.936769397968578,
                -9.669516814567285,
                3.329225861903019,
                3.1969258698479255
            ],
            [
                0.9769052005189398,
                -3.482069576866791,
                7.067510553128761,
                -11.846196655696758,
                18.520259141977732,
                -31.039093050567686,
                19.802684387505806
            ]
        ],
        "H": [
            0.06732955096077439,
            0.14419460340757667,
            0.19411685180776336,
            0.2089258022136205,
            0.18766350546572377,
            0.13555756230350138,
            0.062212123841039926
        ],
        "tL": [
            1.5625179392619644,
            -0.9325627782732198,
            0.6110358539826299,
            -0.38683652733371976,
            0.22235936005071627,
            -0.10519544273514816,
            0.028681595046777128
        ],
        "tR": [
            0.036116105312841436,
            -0.1284939142667763,
            0.2594758294399973,
            -0.4293384628942601,
            0.6481467082795517,
            -0.9558606412897944,
            1.5699543754184404
        ]
    },
    "exp_p4_alpha80.0_div80_optTrue_simultaneous_open_v6": {
        "basis": [
            "P_0(x)",
            "P_1(x)",
            "P_2(x)",
            "P_3(x)",
            "P_4(x)",
            "exp((80.0/80)x)"
        ],
        "quad_basis": [
            "P_0(x)",
            "P_1(x)",
            "P_2(x)",
            "P_3(x)",
            "P_4(x)",
            "P_5(x)",
            "P_6(x)",
            "P_7(x)",
            "x^0 exp((80.0/80)x)",
            "x^1 exp((80.0/80)x)",
            "x^2 exp((80.0/80)x)",
            "x^3 exp((80.0/80)x)",
            "x^4 exp((80.0/80)x)",
            "exp(2 * (80.0/80)x)"
        ],
        "op_type": "open",
        "selector": 0,
        "interval": [
            0.0,
            1.0
        ],
        "nodes": [
            0.026280080523869438,
            0.13301152683853365,
            0.30406347426569874,
            0.5083302439904204,
            0.709852773390599,
            0.8744877279139527,
            0.9753724865655504
        ],
        "D": [
            [
                -18.28825157304599,
                28.428362968286297,
                -16.49168499508916,
                10.170553682111548,
                -5.832122287016539,
                2.773259114686429,
                -0.7601169099325856
            ],
            [
                -3.070633698203016,
                -3.002187239400577,
                8.912872364744425,
                -4.4038336366339434,
                2.3638880932773545,
                -1.0996075856797158,
                0.2995017018954717
            ],
            [
                0.7571281279315881,
                -3.78220007217848,
                -0.8171405184545161,
                5.403126879660661,
                -2.2876369311554297,
                0.9899525831484526,
                -0.2632300689522759
            ],
            [
                -0.3787598958343456,
                1.5099525353367202,
                -4.3530642171958664,
                0.05540333623517162,
                4.256287643610099,
                -1.4491748854070179,
                0.35935548325523936
            ],
            [
                0.29341426811060156,
                -1.089035651675224,
                2.46491561555489,
                -5.6824366028845885,
                0.9540919426872231,
                3.81397067538784,
                -0.7549202471807428
            ],
            [
                -0.35333702091202085,
                1.2764248975109185,
                -2.6765032608129,
                4.847750209930791,
                -9.557262662363996,
                3.275393209468378,
                3.1875346271788287
            ],
            [
                0.9365056220790533,
                -3.351419311986868,
                6.845260730281279,
                -11.558614107418736,
                18.200768157908588,
                -30.681666232355248,
                19.609165141491932
            ]
        ],
        "H": [
            0.06680806959919161,
            0.14332320944218346,
            0.19348095622517297,
            0.20894515861316615,
            0.1883172779262772,
            0.1364121228675599,
            0.0627132053264487
        ],
        "tL": [
            1.5635916554582487,
            -0.9359769164758499,
            0.6165923380378289,
            -0.3933414813158206,
            0.22814097277369721,
            -0.10886577759090008,
            0.029859209112795645
        ],
        "tR": [
            0.0348324150684832,
            -0.12444503678781745,
            0.2529502986065237,
            -0.42174641513406735,
            0.6413987048120942,
            -0.9515557994093751,
            1.568565832844159
        ]
    },
    "exp_p4_alpha80.0_div100_optTrue_simultaneous_open_v6": {
        "basis": [
            "P_0(x)",
            "P_1(x)",
            "P_2(x)",
            "P_3(x)",
            "P_4(x)",
            "exp((80.0/100)x)"
        ],
        "quad_basis": [
            "P_0(x)",
            "P_1(x)",
            "P_2(x)",
            "P_3(x)",
            "P_4(x)",
            "P_5(x)",
            "P_6(x)",
            "P_7(x)",
            "x^0 exp((80.0/100)x)",
            "x^1 exp((80.0/100)x)",
            "x^2 exp((80.0/100)x)",
            "x^3 exp((80.0/100)x)",
            "x^4 exp((80.0/100)x)",
            "exp(2 * (80.0/100)x)"
        ],
        "op_type": "open",
        "selector": 0,
        "interval": [
            0.0,
            1.0
        ],
        "nodes": [
            0.02611213038478921,
            0.13225213084621817,
            0.30266255424236416,
            0.50666508421999,
            0.7084719540506809,
            0.8737481182317348,
            0.9752101158695271
        ],
        "D": [
            [
                -18.424748590274547,
                28.675958257094226,
                -16.707530001174284,
                10.365314312815086,
                -5.984704289798174,
                2.8641742473306824,
                -0.7884639359929883
            ],
            [
                -3.078764417216511,
                -3.0385457187958473,
                8.991490620826601,
                -4.466224051655318,
                2.411662903047562,
                -1.1279597530516094,
                0.3083404168451232
            ],
            [
                0.7548986323843552,
                -3.7788150220473025,
                -0.840948589886846,
                5.442626540656722,
                -2.3160432513775455,
                1.0067704785713483,
                -0.2684887883007312
            ],
            [
                -0.3749869951297735,
                1.498012061692698,
                -4.3336706618671395,
                0.03312925436688026,
                4.275795313987435,
                -1.461655833965064,
                0.36337686091496385
            ],
            [
                0.2880686763109499,
                -1.0717176594071245,
                2.4350414067284003,
                -5.6399242104459075,
                0.9276712014724405,
                3.8185681675402297,
                -0.7577075821989885
            ],
            [
                -0.34380370377946273,
                1.2455679456913369,
                -2.623737524699106,
                4.777791464710191,
                -9.46894314866965,
                3.2332131829557604,
                3.179911783790931
            ],
            [
                0.9048032515161316,
                -3.249024192797436,
                6.671358900004709,
                -11.333814401957115,
                17.950771999188373,
                -30.400699649029637,
                19.456604093074976
            ]
        ],
        "H": [
            0.0663922871040521,
            0.14262708507429875,
            0.19297056941387677,
            0.20895755135493987,
            0.1888391134286679,
            0.13709747071454448,
            0.06311592290962012
        ],
        "tL": [
            1.5645017625179318,
            -0.9388591310460482,
            0.62125645709334,
            -0.39877185834874673,
            0.23294864692331615,
            -0.11191175426683415,
            0.030835877127041195
        ],
        "tR": [
            0.03381373198482214,
            -0.12123790857177341,
            0.2477961440451529,
            -0.4157694201746317,
            0.6361024183118072,
            -0.9481850769081916,
            1.5674801113128143
        ]
    },
    "exp_p4_alpha80.0_div8_optFalse_simultaneous_open_v6": {
        "basis": [
            "P_0(x)",
            "P_1(x)",
            "P_2(x)",
            "P_3(x)",
            "P_4(x)",
            "exp((80.0/8)x)"
        ],
        "quad_basis": [
            "P_0(x)",
            "P_1(x)",
            "P_2(x)",
            "P_3(x)",
            "P_4(x)",
            "P_5(x)",
            "P_6(x)",
            "P_7(x)",
            "x^0 exp((80.0/8)x)",
            "x^1 exp((80.0/8)x)",
            "x^2 exp((80.0/8)x)",
            "x^3 exp((80.0/8)x)",
            "x^4 exp((80.0/8)x)",
            "exp(2 * (80.0/8)x)"
        ],
        "op_type": "open",
        "selector": 0,
        "interval": [
            0.0,
            1.0
        ],
        "nodes": [
            0.0341212993808258,
            0.16797987727094596,
            0.36696965568858475,
            0.5805563909929897,
            0.7675010974791951,
            0.9043569594148959,
            0.9817945573863437
        ],
        "D": [
            [
                -12.642722395509377,
                16.803817140255404,
                -3.4128037278956436,
                -3.992868033997031,
                6.300572637337374,
                -4.440051109955791,
                1.384055489765064
            ],
            [
                -2.9880809196610825,
                -0.8639673141463047,
                4.445253293142904,
                0.030358021080463517,
                -1.3919611203244608,
                1.1349604694939048,
                -0.3665624295854244
            ],
            [
                0.9130996227810303,
                -4.20229758944908,
                0.695467499701602,
                3.030384064511907,
                -0.35488119356546466,
                -0.166280851419802,
                0.08450844743980758
            ],
            [
                -0.43061215218074106,
                1.7083197454052086,
                -4.78318713180653,
                0.5847055868554513,
                3.7756391296003793,
                -1.09836152016238,
                0.24349634228861172
            ],
            [
                0.06406080128634557,
                -0.3673936703454742,
                1.3716412942213256,
                -4.841574449992034,
                -0.271988586958884,
                5.112145400368549,
                -1.0668907885798284
            ],
            [
                0.6042068409519632,
                -1.843546796068566,
                2.4818671052058203,
                -0.8617494043674722,
                -6.10294661371984,
                0.7152775847089186,
                5.006891283289176
            ],
            [
                -3.4337298956264806,
                10.987540445775483,
                -17.236637592197848,
                16.20636570867452,
                -2.9290537489649693,
                -25.3777125430093,
                21.783227625348594
            ]
        ],
        "H": [
            0.08615585307868634,
            0.17469532195358836,
            0.2144789892533017,
            0.2056822308473224,
            0.1643887464243728,
            0.10789750946222844,
            0.04670134898049999
        ],
        "tL": [
            1.479964100227623,
            -0.6511775999485949,
            0.10721083612263473,
            0.25181636421022113,
            -0.3592822134841411,
            0.24855687784936564,
            -0.0770883649771085
        ],
        "tR": [
            -0.10864930519018985,
            0.34952849736535196,
            -0.5566152137438892,
            0.5513062490764084,
            -0.19914814390862148,
            -0.46490199123549186,
            1.428479907636432
        ]
    },
    "exp_p4_alpha80.0_div16_optFalse_simultaneous_open_v6": {
        "basis": [
            "P_0(x)",
            "P_1(x)",
            "P_2(x)",
            "P_3(x)",
            "P_4(x)",
            "exp((80.0/16)x)"
        ],
        "quad_basis": [
            "P_0(x)",
            "P_1(x)",
            "P_2(x)",
            "P_3(x)",
            "P_4(x)",
            "P_5(x)",
            "P_6(x)",
            "P_7(x)",
            "x^0 exp((80.0/16)x)",
            "x^1 exp((80.0/16)x)",
            "x^2 exp((80.0/16)x)",
            "x^3 exp((80.0/16)x)",
            "x^4 exp((80.0/16)x)",
            "exp(2 * (80.0/16)x)"
        ],
        "op_type": "open",
        "selector": 0,
        "interval": [
            0.0,
            1.0
        ],
        "nodes": [
            0.029728398692454316,
            0.14848741006208183,
            0.3322520093939827,
            0.5412913726672035,
            0.7367170086287141,
            0.8886651104002525,
            0.9784559375892619
        ],
        "D": [
            [
                -13.800375533901173,
                17.462187799737553,
                -1.9129005397970358,
                -5.8696373423293435,
                7.893175296421719,
                -5.637952555413194,
                1.8655028752814746
            ],
            [
                -3.4585624323302575,
                -0.6132065875443974,
                4.6345469790196026,
                0.0749405071202791,
                -1.4382065258237275,
                1.227545221141644,
                -0.42705716158314366
            ],
            [
                0.9895136665613518,
                -4.463974904234968,
                0.649245527367241,
                3.458734491355164,
                -0.6893993424775983,
                0.013958018635378823,
                0.04192254279343102
            ],
            [
                -0.4055167130028661,
                1.602408232624796,
                -4.5268193216938215,
                0.2602326097063213,
                4.074010529720099,
                -1.3206974660247481,
                0.31638212867021864
            ],
            [
                0.02456980985031509,
                -0.24750720246533858,
                1.1535946583774863,
                -4.35390243984633,
                -0.41544671903298863,
                4.90537015728801,
                -1.0666782641711543
            ],
            [
                0.5708693446402966,
                -1.6442261435237868,
                1.9868976338122726,
                -0.33810998049372304,
                -5.661556674945987,
                0.6185907637404962,
                4.467535056770432
            ],
            [
                -3.0480967123608833,
                9.272239721858668,
                -13.43134851265414,
                11.35601184228195,
                -0.4812602316937179,
                -21.968506047096376,
                18.3009599396645
            ]
        ],
        "H": [
            0.07532913841325328,
            0.15735072772498887,
            0.203330073785197,
            0.20812730784488134,
            0.17771806904287837,
            0.12309726946533388,
            0.055047413723467296
        ],
        "tL": [
            1.44640073966469,
            -0.5605691013581737,
            0.000924280016611641,
            0.32753444753326133,
            -0.404233848283144,
            0.28294388100327195,
            -0.09300039857651725
        ],
        "tR": [
            -0.11372907370734682,
            0.34822508784660305,
            -0.5138318170978998,
            0.4643294512134326,
            -0.12546006019572906,
            -0.4820279117053854,
            1.4224943236463254
        ]
    },
    "exp_p4_alpha80.0_div32_optFalse_simultaneous_open_v6": {
        "basis": [
            "P_0(x)",
            "P_1(x)",
            "P_2(x)",
            "P_3(x)",
            "P_4(x)",
            "exp((80.0/32)x)"
        ],
        "quad_basis": [
            "P_0(x)",
            "P_1(x)",
            "P_2(x)",
            "P_3(x)",
            "P_4(x)",
            "P_5(x)",
            "P_6(x)",
            "P_7(x)",
            "x^0 exp((80.0/32)x)",
            "x^1 exp((80.0/32)x)",
            "x^2 exp((80.0/32)x)",
            "x^3 exp((80.0/32)x)",
            "x^4 exp((80.0/32)x)",
            "exp(2 * (80.0/32)x)"
        ],
        "op_type": "open",
        "selector": 0,
        "interval": [
            0.0,
            1.0
        ],
        "nodes": [
            0.027555643563835906,
            0.1387605735915778,
            0.31461264577614406,
            0.5207853715107068,
            0.7201095960163494,
            0.8799492621626227,
            0.9765670430021004
        ],
        "D": [
            [
                -14.604071811935693,
                18.140575388332064,
                -1.3084308439331023,
                -6.899087107223503,
                8.941155687577826,
                -6.430366570929823,
                2.160225258112232
            ],
            [
                -3.7061863312805152,
                -0.5526422612119537,
                4.83940021797311,
                0.07745482635476371,
                -1.49988322462413,
                1.3052650926572895,
                -0.4634083198685644
            ],
            [
                1.0186090130728116,
                -4.579796038017427,
                0.5956608047351901,
                3.689334853787921,
                -0.8344334445302785,
                0.08773084772398695,
                0.022893963227796067
            ],
            [
                -0.38895660291126744,
                1.5437226261568227,
                -4.412469316701024,
                0.124495903996021,
                4.195187134971692,
                -1.4075361553847483,
                0.34555640987250424
            ],
            [
                0.008850316053997092,
                -0.19878461244833082,
                1.0592468371010693,
                -4.135136178081933,
                -0.47551430412983264,
                4.798695865735297,
                -1.0573579242302666
            ],
            [
                0.5390778666354104,
                -1.522693963080612,
                1.7736789815527456,
                -0.18450262924234562,
                -5.383940992247601,
                0.5680309497988707,
                4.210349786583532
            ],
            [
                -2.7757003426063656,
                8.301216577590418,
                -11.716179805296166,
                9.5435178135224,
                0.22868994711582177,
                -20.425584909073507,
                16.844040718747397
            ]
        ],
        "H": [
            0.06996336897287832,
            0.14856809541943258,
            0.19725896809900698,
            0.20876484486591465,
            0.18437296994762592,
            0.13132411311996908,
            0.05974763957517247
        ],
        "tL": [
            1.4339033190878048,
            -0.5275366006421689,
            -0.03825210623800645,
            0.3599261485893084,
            -0.4298149822682557,
            0.30276710403343343,
            -0.10099288256211562
        ],
        "tR": [
            -0.1121543540005743,
            0.3377644869195075,
            -0.4862736832174029,
            0.4260605222344299,
            -0.09693786655517639,
            -0.49077514270677225,
            1.4223160373259884
        ]
    },
    "exp_p4_alpha80.0_div64_optFalse_simultaneous_open_v6": {
        "basis": [
            "P_0(x)",
            "P_1(x)",
            "P_2(x)",
            "P_3(x)",
            "P_4(x)",
            "exp((80.0/64)x)"
        ],
        "quad_basis": [
            "P_0(x)",
            "P_1(x)",
            "P_2(x)",
            "P_3(x)",
            "P_4(x)",
            "P_5(x)",
            "P_6(x)",
            "P_7(x)",
            "x^0 exp((80.0/64)x)",
            "x^1 exp((80.0/64)x)",
            "x^2 exp((80.0/64)x)",
            "x^3 exp((80.0/64)x)",
            "x^4 exp((80.0/64)x)",
