{
    "poly_p2_open": {
        "basis": [
            "P_0(x)",
            "P_1(x)",
            "P_2(x)"
        ],
        "quad_basis": [
            "P_0(x)",
            "P_1(x)",
            "P_2(x)",
            "P_3(x)",
            "P_4(x)",
            "P_5(x)"
        ],
        "op_type": "open",
        "interval": [
            0.0,
            1.0
        ],
        "nodes": [
            0.11270166537925831,
            0.5,
            0.8872983346207417
        ],
        "D": [
            [
                -3.872983346207417,
                5.163977794943222,
                -1.2909944487358056
            ],
            [
                -1.2909944487358056,
                -1.0291589907713981e-42,
                1.2909944487358056
            ],
            [
                1.2909944487358056,
                -5.163977794943222,
                3.872983346207417
            ]
        ],
        "H": [
            0.2777777777777778,
            0.4444444444444444,
            0.2777777777777778
        ],
        "tL": [
            1.4788305577012362,
            -0.6666666666666666,
            0.18783610896543051
        ],
        "tR": [
            0.18783610896543051,
            -0.6666666666666666,
            1.4788305577012362
        ]
    },
    "poly_p2_closed": {
        "basis": [
            "P_0(x)",
            "P_1(x)",
            "P_2(x)"
        ],
        "quad_basis": [
            "P_0(x)",
            "P_1(x)",
            "P_2(x)",
            "P_3(x)"
        ],
        "op_type": "closed",
        "interval": [
            0.0,
            1.0
        ],
        "nodes": [
            0.0,
            0.5,
            1.0
        ],
        "D": [
            [
                -3.0,
                4.0,
                -1.0
            ],
            [
                -1.0,
                -0.0,
                1.0
            ],
            [
                1.0,
                -4.0,
                3.0
            ]
        ],
        "H": [
            0.16666666666666666,
            0.6666666666666666,
            0.16666666666666666
        ],
        "tL": [
            1.0,
            0.0,
            0.0
        ],
        "tR": [
            0.0,
            0.0,
            1.0
        ]
    },
    "poly_p3_closed": {
        "basis": [
            "P_0(x)",
            "P_1(x)",
            "P_2(x)",
            "P_3(x)"
        ],
        "quad_basis": [
            "P_0(x)",
            "P_1(x)",
            "P_2(x)",
            "P_3(x)",
            "P_4(x)",
            "P_5(x)"
        ],
        "op_type": "closed",
        "interval": [
            0.0,
            1.0
        ],
        "nodes": [
            0.0,
            0.276393202250021,
            0.7236067977499789,
            1.0
        ],
        "D": [
            [
                -6.0,
                8.090169943749475,
                -3.090169943749474,
                1.0
            ],
            [
                -1.618033988749895,
                9.91511986848699e-43,
                2.23606797749979,
                -0.6180339887498949
            ],
            [
                0.6180339887498949,
                -2.23606797749979,
                2.32176490870844e-42,
                1.618033988749895
            ],
            [
                -1.0,
                3.090169943749474,
                -8.090169943749475,
                6.0
            ]
        ],
        "H": [
            0.08333333333333333,
            0.4166666666666667,
            0.4166666666666667,
            0.08333333333333333
        ],
        "tL": [
            1.0,
            0.0,
            0.0,
            0.0
        ],
        "tR": [
            0.0,
            0.0,
            0.0,
            1.0
        ]
    },
    "p2_alpha80.0_div8_optFalse_simultaneous_closed": {
        "basis": [
            "P_0(x)",
            "P_1(x)",
            "P_2(x)",
            "exp((80.0/8)x)"
        ],
        "quad_basis": [
            "P_0(x)",
            "P_1(x)",
            "P_2(x)",
            "P_3(x)",
            "x^0 exp((80.0/8)x)",
            "x^1 exp((80.0/8)x)",
            "x^2 exp((80.0/8)x)",
            "exp(2 * (80.0/8)x)"
        ],
        "op_type": "closed",
        "selector": 0,
        "interval": [
            0.0,
            1.0
        ],
        "nodes": [
            0.0,
            0.27501267492766046,
            0.6566930789897641,
            0.9038613881109,
            1.0
        ],
        "D": [
            [
                -5.695375772574892,
                7.636795907186433,
                -2.8012920762331084,
                1.2533829111384502,
                -0.39351096951688175
            ],
            [
                -1.717869343466377,
                0.0,
                2.343771013065626,
                -0.9024830385767347,
                0.2765813689774856
            ],
            [
                0.7456815909447082,
                -2.7735197466519623,
                0.0,
                2.7573216006238734,
                -0.7294834449166194
            ],
            [
                -0.6593811489257765,
                2.1106336653621964,
                -5.449355640217375,
                0.0,
                3.998103123780955
            ],
            [
                1.3677203195951997,
                -4.273507126327253,
                9.524909707954764,
                -26.414457149323535,
                19.795334248100826
            ]
        ],
        "H": [
            0.08779051988240433,
            0.3902731517257771,
            0.3298014738481048,
            0.16687637728168064,
            0.025258477262033112
        ],
        "tL": [
            1.0,
            0.0,
            0.0,
            0.0,
            0.0
        ],
        "tR": [
            0.0,
            0.0,
            0.0,
            0.0,
            1.0
        ]
    },
    "p2_alpha80.0_div16_optFalse_simultaneous_closed": {
        "basis": [
            "P_0(x)",
            "P_1(x)",
            "P_2(x)",
            "exp((80.0/16)x)"
        ],
        "quad_basis": [
            "P_0(x)",
            "P_1(x)",
            "P_2(x)",
            "P_3(x)",
            "x^0 exp((80.0/16)x)",
            "x^1 exp((80.0/16)x)",
            "x^2 exp((80.0/16)x)",
            "exp(2 * (80.0/16)x)"
        ],
        "op_type": "closed",
        "selector": 0,
        "interval": [
            0.0,
            1.0
        ],
        "nodes": [
            0.0,
            0.22459306345786442,
            0.5842456259380477,
            0.8717326111456118,
            1.0
        ],
        "D": [
            [
                -7.263153098862704,
                9.785935926128456,
                -3.7712396034089264,
                1.8943229772500474,
                -0.6458662011068736
            ],
            [
                -2.0174928192402755,
                0.0,
                2.8125554614145782,
                -1.1837725667514687,
                0.38870992457716597
            ],
            [
                0.7453450124051905,
                -2.6962781302960597,
                0.0,
                2.692560874263239,
                -0.7416277563723697
            ],
            [
                -0.6098797570926395,
                1.8486250471643393,
                -4.386140089706886,
                0.0,
                3.1473947996351863
            ],
            [
                1.266454231814767,
                -3.6971148406457024,
                7.3579984703871855,
                -19.169375860462328,
                14.242037998906078
            ]
        ],
        "H": [
            0.0688406251657138,
            0.3339144211873747,
            0.34831452230505483,
            0.21382309627938845,
            0.035107335062468215
        ],
        "tL": [
            1.0,
            0.0,
            0.0,
            0.0,
            0.0
        ],
        "tR": [
            0.0,
            0.0,
            0.0,
            0.0,
            1.0
        ]
    },
    "p2_alpha80.0_div32_optFalse_simultaneous_closed": {
        "basis": [
            "P_0(x)",
            "P_1(x)",
            "P_2(x)",
            "exp((80.0/32)x)"
        ],
        "quad_basis": [
            "P_0(x)",
            "P_1(x)",
            "P_2(x)",
            "P_3(x)",
            "x^0 exp((80.0/32)x)",
            "x^1 exp((80.0/32)x)",
            "x^2 exp((80.0/32)x)",
            "exp(2 * (80.0/32)x)"
        ],
        "op_type": "closed",
        "selector": 0,
        "interval": [
            0.0,
            1.0
        ],
        "nodes": [
            0.0,
            0.19826192761590142,
            0.5430618899321068,
            0.8509606872180415,
            1.0
        ],
        "D": [
            [
                -8.455061011343561,
                11.415463828686397,
                -4.475587799785234,
                2.3343886263613376,
                -0.8192036439189384
            ],
            [
                -2.2255268762623164,
                0.0,
                3.1231564358022923,
                -1.3524104425685444,
                0.4547808830285685
            ],
            [
                0.7483063660641391,
                -2.678451678055958,
                0.0,
                2.6778862021343945,
                -0.7477408901425754
            ],
            [
                -0.5705835049691613,
                1.6955682992227907,
                -3.9147930877980737,
                0.0,
                2.789808293544444
            ],
            [
                1.156080784272184,
                -3.291995453324728,
                6.311289172591679,
                -16.107369237232554,
                11.931994733693417
            ]
        ],
        "H": [
            0.059136178831729905,
            0.30332903081093804,
            0.35369091124706903,
            0.2419397372497151,
            0.04190414186054795
        ],
        "tL": [
            1.0,
            0.0,
            0.0,
            0.0,
            0.0
        ],
        "tR": [
            0.0,
            0.0,
            0.0,
            0.0,
            1.0
        ]
    },
    "p2_alpha80.0_div64_optFalse_simultaneous_closed": {
        "basis": [
            "P_0(x)",
            "P_1(x)",
            "P_2(x)",
            "exp((80.0/64)x)"
        ],
        "quad_basis": [
            "P_0(x)",
            "P_1(x)",
            "P_2(x)",
            "P_3(x)",
            "x^0 exp((80.0/64)x)",
            "x^1 exp((80.0/64)x)",
            "x^2 exp((80.0/64)x)",
            "exp(2 * (80.0/64)x)"
        ],
        "op_type": "closed",
        "selector": 0,
        "interval": [
            0.0,
            1.0
        ],
        "nodes": [
            0.0,
            0.18529663541327557,
            0.5216580350734688,
            0.8394566526102689,
            1.0
        ],
        "D": [
            [
                -9.180389300697716,
                12.402608934902313,
                -4.8865982849538545,
                2.5750496917651633,
                -0.9106710410159072
            ],
            [
                -2.3473930284504263,
                0.0,
                3.3001127654564764,
                -1.4400434525382355,
                0.48732371553218545
            ],
            [
                0.749518000931223,
                -2.674431317827057,
                0.0,
                2.674356795466011,
                -0.7494434785701769
            ],
            [
                -0.545950131115868,
                1.6131330795694032,
                -3.69667506928241,
                0.0,
                2.6294921208288744
            ],
            [
                1.0829486945395768,
                -3.0619009835190267,
                5.810450572840555,
                -14.748602441982706,
                10.917104158121601
            ]
        ],
        "H": [
            0.05446392125898187,
            0.2877637908307054,
            0.35508594041148894,
            0.2568866562292271,
            0.04579969126959672
        ],
        "tL": [
            1.0,
            0.0,
            0.0,
            0.0,
            0.0
        ],
        "tR": [
            0.0,
            0.0,
            0.0,
            0.0,
            1.0
        ]
    },
    "p2_alpha80.0_div80_optFalse_simultaneous_closed": {
        "basis": [
            "P_0(x)",
            "P_1(x)",
            "P_2(x)",
            "exp((80.0/80)x)"
        ],
        "quad_basis": [
            "P_0(x)",
            "P_1(x)",
            "P_2(x)",
            "P_3(x)",
            "x^0 exp((80.0/80)x)",
            "x^1 exp((80.0/80)x)",
            "x^2 exp((80.0/80)x)",
            "exp(2 * (80.0/80)x)"
        ],
        "op_type": "closed",
        "selector": 0,
        "interval": [
            0.0,
            1.0
        ],
        "nodes": [
            0.0,
            0.18273957135603605,
            0.517338866883349,
            0.8370769230076995,
            1.0
        ],
        "D": [
            [
                -9.33662699689244,
                12.614709092544619,
                -4.973230963609231,
                2.6239973902970477,
                -0.9288485223399954
            ],
            [
                -2.3732812219174217,
                0.0,
                3.3372474990796834,
                -1.4576108054374113,
                0.49364452827514926
            ],
            [
                0.7496848739603871,
                -2.673970258430642,
                0.0,
                2.6739318558686342,
                -0.7496464713983797
            ],
            [
                -0.5406170660151207,
                1.5962318359256686,
                -3.654572385057412,
                0.0,
                2.5989576151468645
            ],
            [
                1.0670521148569887,
                -3.0142765895566717,
                5.712906523027355,
                -14.491507996315994,
                10.725825947988321
            ]
        ],
        "H": [
            0.05355253028383995,
            0.28464793150578954,
            0.3552547357401885,
            0.25992834585186647,
            0.046616456618315476
        ],
        "tL": [
            1.0,
            0.0,
            0.0,
            0.0,
            0.0
        ],
        "tR": [
            0.0,
            0.0,
            0.0,
            0.0,
            1.0
        ]
    },
    "p2_alpha80.0_div100_optFalse_simultaneous_closed": {
        "basis": [
            "P_0(x)",
            "P_1(x)",
            "P_2(x)",
            "exp((80.0/100)x)"
        ],
        "quad_basis": [
            "P_0(x)",
            "P_1(x)",
            "P_2(x)",
            "P_3(x)",
            "x^0 exp((80.0/100)x)",
            "x^1 exp((80.0/100)x)",
            "x^2 exp((80.0/100)x)",
            "exp(2 * (80.0/100)x)"
        ],
        "op_type": "closed",
        "selector": 0,
        "interval": [
            0.0,
            1.0
        ],
        "nodes": [
            0.0,
            0.1807046226170796,
            0.5138774843332617,
            0.8351556929710668,
            1.0
        ],
        "D": [
            [
                -9.464361596534049,
                12.787966730090258,
                -5.043546362379261,
                2.6632464409529053,
                -0.9433052121298525
            ],
            [
                -2.3943608505607252,
                0.0,
                3.367369220309818,
                -1.47165013076519,
                0.4986417610160972
            ],
            [
                0.7497950778205142,
                -2.673678602475967,
                0.0,
                2.6736588587091155,
                -0.7497753340536626
            ],
            [
                -0.536256517809759,
                1.5826238150700986,
                -3.6212678929278903,
                0.0,
                2.574900595667551
            ],
            [
                1.054064605342179,
                -2.97588085010034,
                5.63559243569315,
                -14.289407961845914,
                10.575631770910924
            ]
        ],
        "H": [
            0.052829765103554936,
            0.2821568346076705,
            0.35536292181044155,
            0.2623719791100695,
            0.047278499368263546
        ],
        "tL": [
            1.0,
            0.0,
            0.0,
            0.0,
            0.0
        ],
        "tR": [
            0.0,
            0.0,
            0.0,
            0.0,
            1.0
        ]
    },
    "p3_alpha80.0_div8_optFalse_simultaneous_closed": {
        "basis": [
            "P_0(x)",
            "P_1(x)",
            "P_2(x)",
            "P_3(x)",
            "exp((80.0/8)x)"
        ],
        "quad_basis": [
            "P_0(x)",
            "P_1(x)",
            "P_2(x)",
            "P_3(x)",
            "P_4(x)",
            "P_5(x)",
            "P_6(x)",
            "x^0 exp((80.0/8)x)",
            "x^1 exp((80.0/8)x)",
            "x^2 exp((80.0/8)x)",
            "x^3 exp((80.0/8)x)",
            "exp(2 * (80.0/8)x)"
        ],
        "op_type": "closed",
        "selector": 0,
        "interval": [
            0.0,
            1.0
        ],
        "nodes": [
            0.0,
            0.11538926225063738,
            0.3401398438378679,
            0.5916427143637135,
            0.8025165753113819,
            0.9411588639604408,
            1.0
        ],
        "D": [
            [
                -15.033171623408819,
                378.83496016151304,
                -1498.3943792869486,
                3105.5792024129046,
                -4146.566685780459,
                3710.580016223044,
                -1534.9999421066454
            ],
            [
                -68.86437376548099,
                0.0,
                464.39768515212006,
                -1164.5791140415897,
                1648.8427137057574,
                -1506.2233872829604,
                626.4264762321536
            ],
            [
                197.79424643316835,
                -337.2352885866013,
                0.0,
                627.8864285530192,
                -1120.8408464349466,
                1095.7164761110016,
                -463.3210160756414
            ],
            [
                -431.3777099706909,
                889.8965761966305,
                -660.70663466072,
                0.0,
                628.5691622393623,
                -764.6413297849824,
                338.25993598040066
            ],
            [
                777.7527389631191,
                -1701.3261304227005,
                1592.609585541525,
                -848.771668609188,
                0.0,
                373.22714682293594,
                -193.4916722956913
            ],
            [
                -1245.7653876600918,
                2781.8857730984646,
                -2786.7957012092543,
                1848.1496588984674,
                -668.0589532439418,
                0.0,
                70.58461011635559
            ],
            [
                3195.1829740156127,
                -7173.199720125259,
                7306.036723563813,
                -5069.006420215744,
                2147.319920239058,
                -437.62581352190426,
                31.29233604442268
            ]
        ],
        "H": [
            0.033259781270735166,
            0.18296787182860383,
            0.25196015663287663,
            0.2394441868547526,
            0.1773235812418208,
            0.09906606889997553,
            0.015978353271235445
        ],
        "tL": [
            1.0,
            0.0,
            0.0,
            0.0,
            0.0,
            0.0,
            0.0
        ],
        "tR": [
            0.0,
            0.0,
            0.0,
            0.0,
            0.0,
            0.0,
            1.0
        ]
    },
    "p3_alpha80.0_div16_optFalse_simultaneous_closed": {
        "basis": [
            "P_0(x)",
            "P_1(x)",
            "P_2(x)",
            "P_3(x)",
            "exp((80.0/16)x)"
        ],
        "quad_basis": [
            "P_0(x)",
            "P_1(x)",
            "P_2(x)",
            "P_3(x)",
            "P_4(x)",
            "P_5(x)",
            "P_6(x)",
            "x^0 exp((80.0/16)x)",
            "x^1 exp((80.0/16)x)",
            "x^2 exp((80.0/16)x)",
            "x^3 exp((80.0/16)x)",
            "exp(2 * (80.0/16)x)"
        ],
        "op_type": "closed",
        "selector": 0,
        "interval": [
            0.0,
            1.0
        ],
        "nodes": [
            0.0,
            0.1002070350639774,
            0.3034306731560939,
            0.5474488620480408,
            0.7705672359108269,
            0.9292317349292951,
            1.0
        ],
        "D": [
            [
                -17.52044000915108,
                3449325.674752315,
                -13525893.097828219,
                26704598.307642613,
                -35459034.72424464,
                33465958.057882234,
                -14634936.6977643
            ],
            [
                -611813.2656219138,
                0.0,
                3950166.7204783475,
                -9502038.034043834,
                13414038.224161075,
                -12960815.827041402,
                5710462.182067728
            ],
            [
                1644182.2474849592,
                -2707165.094066247,
                0.0,
                4576941.233475611,
                -8219225.027075102,
                8565483.575932119,
                -3860216.9357513413
            ],
            [
                -3140543.330379631,
                6300148.935484128,
                -4428025.082561858,
                0.0,
                4091143.187668334,
                -5405010.257907125,
                2582286.5476961522
            ],
            [
                5155077.986735397,
                -10994694.894427443,
                9830038.018033607,
                -5057481.123655653,
                0.0,
                2534130.281680512,
                -1467070.2683664202
            ],
            [
                -8141006.430646035,
                17775527.045136426,
                -17141259.03567718,
                11180278.392793564,
                -4240288.861966383,
                0.0,
                566748.8903596058
            ],
            [
                21394354.19826584,
                -47064657.73725399,
                46423303.412916176,
                -32099186.493858423,
                14752000.494981248,
                -3405839.487631695,
                25.612580840374132
            ]
        ],
        "H": [
            0.028538096060307026,
            0.16089416980735555,
            0.23476913044020478,
            0.2426645046999859,
            0.19629835703166384,
            0.11731408566523638,
            0.019521656295246517
        ],
        "tL": [
            1.0,
            0.0,
            0.0,
            0.0,
            0.0,
            0.0,
            0.0
        ],
        "tR": [
            0.0,
            0.0,
            0.0,
            0.0,
            0.0,
            0.0,
            1.0
        ]
    },
    "p3_alpha80.0_div32_optFalse_simultaneous_closed": {
        "basis": [
            "P_0(x)",
            "P_1(x)",
            "P_2(x)",
            "P_3(x)",
            "exp((80.0/32)x)"
        ],
        "quad_basis": [
            "P_0(x)",
            "P_1(x)",
            "P_2(x)",
            "P_3(x)",
            "P_4(x)",
            "P_5(x)",
            "P_6(x)",
            "x^0 exp((80.0/32)x)",
            "x^1 exp((80.0/32)x)",
            "x^2 exp((80.0/32)x)",
            "x^3 exp((80.0/32)x)",
            "exp(2 * (80.0/32)x)"
        ],
        "op_type": "closed",
        "selector": 0,
        "interval": [
            0.0,
            1.0
        ],
        "nodes": [
            0.0,
            0.0924819824829308,
            0.28448118244439907,
            0.5239574189729602,
            0.7528962644735884,
            0.9224005516453524,
            1.0
        ],
        "D": [
            [
                -19.123271983157064,
                432021045.84509397,
                -1674046413.9137332,
                3293819697.361147,
                -4441538818.97455,
                4320484955.530285,
                -1930740446.72497
            ],
            [
                -75506977.40064093,
                0.0,
                478414901.0000954,
                -1147977688.7678256,
                1647889622.773494,
                -1643327499.9736242,
                740507642.3685013
            ],
            [
                194111677.19384253,
                -317399825.46075535,
                0.0,
                531272541.71753377,
                -973221977.3995805,
                1050430357.6986805,
                -485192773.749721
            ],
            [
                -353649168.5666055,
                705219130.655489,
                -491933073.9420324,
                0.0,
                467913865.69927156,
                -644151390.1996675,
                316600636.3535448
            ],
            [
                563505012.9319974,
                -1196217795.785194,
                1064858892.9501622,
                -552913784.7090894,
                0.0,
                301137679.7667428,
                -180370005.15461904
            ],
            [
                -885447472.3667207,
                1926957990.3112934,
                -1856578866.7917645,
                1229547849.8874593,
                -486442020.288782,
                0.0,
                71962519.24851461
            ],
            [
                2338675612.318395,
                -5132080449.259722,
                5068462633.850888,
                -3571782923.650633,
                1722051312.9328952,
                -425326209.3555433,
                23.163719334001073
            ]
        ],
        "H": [
            0.026146153254546504,
            0.14959794263674772,
            0.22548810419943605,
            0.2435201953085569,
            0.2060836230057465,
            0.1275785016126532,
            0.021585479982313138
        ],
        "tL": [
            1.0,
            0.0,
            0.0,
            0.0,
            0.0,
            0.0,
            0.0
        ],
        "tR": [
            0.0,
            0.0,
            0.0,
            0.0,
            0.0,
            0.0,
            1.0
        ]
    },
    "p3_alpha80.0_div64_optFalse_simultaneous_closed": {
        "basis": [
            "P_0(x)",
            "P_1(x)",
            "P_2(x)",
            "P_3(x)",
            "exp((80.0/64)x)"
        ],
        "quad_basis": [
            "P_0(x)",
            "P_1(x)",
            "P_2(x)",
            "P_3(x)",
            "P_4(x)",
            "P_5(x)",
            "P_6(x)",
            "x^0 exp((80.0/64)x)",
            "x^1 exp((80.0/64)x)",
            "x^2 exp((80.0/64)x)",
            "x^3 exp((80.0/64)x)",
            "exp(2 * (80.0/64)x)"
        ],
        "op_type": "closed",
        "selector": 0,
        "interval": [
            0.0,
            1.0
        ],
        "nodes": [
            0.0,
            0.08865756132632593,
            0.27499889649495346,
            0.5120090157257279,
            0.7437389170192742,
            0.9188047795521906,
            1.0
        ],
        "D": [
            [
                -20.026254728182977,
                -402391857133.37335,
                1561015755140.4387,
                -3089204757770.475,
                4214103564242.6636,
                -4155762366304.2256,
                1872239661844.9983
            ],
            [
                69779412241.91183,
                0.0,
                -442655167765.58014,
                1068758345423.5731,
                -1552786957736.1584,
                1570541993103.3447,
                -713637625267.091
            ],
            [
                -176583262517.98975,
                288755101359.42615,
                0.0,
                -487788543642.60724,
                905443993672.978,
                -992240210177.4019,
                462412921305.5946
            ],
            [
                316442996838.78217,
                -631320932561.1427,
                441710923771.22864,
                0.0,
                -430146639894.38544,
                602196752124.5675,
                -298883100279.05005
            ],
            [
                -498673603406.35614,
                1059607264008.8856,
                -947175634590.0161,
                496911349941.4765,
                0.0,
                -280513347354.2998,
                169843971400.30988
            ],
            [
                780502378532.116,
                -1700963344369.653,
                1647396342927.912,
                -1104112025647.1616,
                445210993818.89984,
                0.0,
                -68034345262.113235
            ],
            [
                -2061039514869.653,
                4530274243419.713,
                -4500000770605.383,
                3212014098099.828,
                -1580024560152.236,
                398776504085.6851,
                22.045736542594117
            ]
        ],
        "H": [
            0.024967224615212214,
            0.14397667675318981,
            0.22071305304207908,
            0.24373700742359122,
            0.21098864973303275,
            0.13293726617733045,
            0.02268012225556448
        ],
        "tL": [
            1.0,
            0.0,
            0.0,
            0.0,
            0.0,
            0.0,
            0.0
        ],
        "tR": [
            0.0,
            0.0,
            0.0,
            0.0,
            0.0,
            0.0,
            1.0
        ]
    },
    "p3_alpha80.0_div80_optFalse_simultaneous_closed": {
        "basis": [
            "P_0(x)",
            "P_1(x)",
            "P_2(x)",
            "P_3(x)",
            "exp((80.0/80)x)"
        ],
        "quad_basis": [
            "P_0(x)",
            "P_1(x)",
            "P_2(x)",
            "P_3(x)",
            "P_4(x)",
            "P_5(x)",
            "P_6(x)",
            "x^0 exp((80.0/80)x)",
            "x^1 exp((80.0/80)x)",
            "x^2 exp((80.0/80)x)",
            "x^3 exp((80.0/80)x)",
            "exp(2 * (80.0/80)x)"
        ],
        "op_type": "closed",
        "selector": 0,
        "interval": [
            0.0,
            1.0
        ],
        "nodes": [
            0.0,
            0.08789855779552373,
            0.2731079259451802,
            0.5096101492257755,
            0.7418870783978543,
            0.9180733535259336,
            1.0
        ],
        "D": [
            [
                -20.215289982265073,
                3510876141685.1475,
                -13632372340331.54,
                27026204556907.926,
                -36960905465936.23,
                36541213592862.89,
                -16485016485167.984
            ],
            [
                -607854826303.8312,
                0.0,
                3860956094533.145,
                -9339202325654.996,
                13604136956558.756,
                -13795231547157.033,
                6277195648023.961
            ],
            [
                1534381992451.1543,
                -2509993262470.6626,
                0.0,
                4252993408072.763,
                -7916276012191.3545,
                8698693768499.055,
                -4059799894360.9546
            ],
            [
                -2742250505765.471,
                5473277767207.319,
                -3834023069959.917,
                0.0,
                3752950726613.809,
                -5269325100541.827,
                2619370182446.087
            ],
            [
                4312832610668.4263,
                -9168676195913.514,
                8206894966062.081,
                -4315894275804.989,
                0.0,
                2451876475026.225,
                -1487033580038.229
            ],
            [
                -6743580527625.52,
                14704566121890.77,
                -14262628479637.5,
                9583861067543.463,
                -3877806793425.2095,
                0.0,
                595588611253.996
            ],
            [
                17802423450262.04,
                -39153541012715.93,
                38952229078439.08,
                -27878188799183.46,
                13762284019690.76,
                -3485206736514.3164,
                21.830803309048424
            ]
        ],
        "H": [
            0.024733753532036953,
            0.14285836257643605,
            0.21974954032410016,
            0.24376309932720058,
            0.21196786628213218,
            0.1340239605747878,
            0.022903417383306285
        ],
        "tL": [
            1.0,
            0.0,
            0.0,
            0.0,
            0.0,
            0.0,
            0.0
        ],
        "tR": [
            0.0,
            0.0,
            0.0,
            0.0,
            0.0,
            0.0,
            1.0
        ]
    },
    "p3_alpha80.0_div100_optFalse_simultaneous_closed": {
        "basis": [
            "P_0(x)",
            "P_1(x)",
            "P_2(x)",
            "P_3(x)",
            "exp((80.0/100)x)"
        ],
        "quad_basis": [
            "P_0(x)",
            "P_1(x)",
            "P_2(x)",
            "P_3(x)",
            "P_4(x)",
            "P_5(x)",
            "P_6(x)",
            "x^0 exp((80.0/100)x)",
            "x^1 exp((80.0/100)x)",
            "x^2 exp((80.0/100)x)",
            "x^3 exp((80.0/100)x)",
            "exp(2 * (80.0/100)x)"
        ],
        "op_type": "closed",
        "selector": 0,
        "interval": [
            0.0,
            1.0
        ],
        "nodes": [
            0.0,
            0.08729305660649356,
            0.27159711428743716,
            0.5076896254354637,
            0.7404013267336497,
            0.9174855176413572,
            1.0
        ],
        "D": [
            [
                -20.368566900832352,
                -131843436066.72125,
                512400788918.36017,
                -1017438225756.6854,
                1394318206620.9587,
                -1381182466457.4656,
                623745132761.9218
            ],
            [
                22797389689.185146,
                0.0,
                -144991583533.8982,
                351285755850.0957,
                -512788083628.26154,
                521028322131.64105,
                -237331800508.76224
            ],
            [
                -57440856345.78483,
                93999880007.58916,
                0.0,
                -159709309715.02408,
                297931902593.4735,
                -328059542910.0587,
                153277926369.805
            ],
            [
                102451861321.30399,
                -204571784132.2811,
                143460030598.95285,
                0.0,
                -141017230271.08188,
                198430767823.7526,
                -98753645340.64647
            ],
            [
                -160879538834.76236,
                342176538576.2047,
                -306651298661.2204,
                161584348721.01813,
                0.0,
                -92242282370.34659,
                56012232569.10646
            ],
            [
                251338940235.70462,
                -548331814279.69934,
                532537606914.33466,
                -358596406558.3593,
                145478846513.84964,
                0.0,
                -22427172825.830273
            ],
            [
                -663321396429.5656,
                1459641359037.211,
                -1454070075596.0183,
                1042937227600.4674,
                -516250880781.9803,
                131063766148.22491,
                21.660940551316717
            ]
        ],
        "H": [
            0.024547627844135063,
            0.14196553405380546,
            0.2189769560135072,
            0.24377980641996114,
            0.21275051308785453,
            0.13489653907049454,
            0.023083023510242086
        ],
        "tL": [
            1.0,
            0.0,
            0.0,
            0.0,
            0.0,
            0.0,
            0.0
        ],
        "tR": [
            0.0,
            0.0,
            0.0,
            0.0,
            0.0,
            0.0,
            1.0
        ]
    },
    "p3_alpha80.0_div8_optTrue_simultaneous_closed": {
        "basis": [
            "P_0(x)",
            "P_1(x)",
            "P_2(x)",
            "P_3(x)",
            "exp((80.0/8)x)"
        ],
        "quad_basis": [
            "P_0(x)",
            "P_1(x)",
            "P_2(x)",
            "P_3(x)",
            "P_4(x)",
            "P_5(x)",
            "P_6(x)",
            "x^0 exp((80.0/8)x)",
            "x^1 exp((80.0/8)x)",
            "x^2 exp((80.0/8)x)",
            "x^3 exp((80.0/8)x)",
            "exp(2 * (80.0/8)x)"
        ],
        "op_type": "closed",
        "selector": 0,
        "interval": [
            0.0,
            1.0
        ],
        "nodes": [
            0.0,
            0.11538926225063738,
            0.3401398438378679,
            0.5916427143637135,
            0.8025165753113819,
            0.9411588639604408,
            1.0
        ],
        "D": [
            [
                -15.033171623408819,
                20.15566074066392,
                -7.372197178887389,
                3.007904046146258,
                -0.7866790113035866,
                -0.08610606956136604,
                0.1145890963509857
            ],
            [
                -3.6638829588049284,
                0.0,
                4.9982573799453744,
                -1.8262651616491337,
                0.5961515470439261,
                -0.10586643569671943,
                0.0016056291614809058
            ],
            [
                0.9731604747801271,
                -3.629623540013662,
                0.0,
                3.5625913248933765,
                -1.2371680983669653,
                0.46147226664231383,
                -0.13043242793519022
            ],
            [
                -0.4178102294831224,
                1.3955145640030007,
                -3.7488112784444736,
                0.0,
                3.750457266480466,
                -1.4214356429057453,
                0.44208532034987436
            ],
            [
                0.1475538203266598,
                -0.6151273230896819,
                1.757899686340318,
                -5.0643303288650205,
                0.0,
                5.17805502041311,
                -1.4040508751253862
            ],
            [
                0.02890867752696755,
                0.19552765798212948,
                -1.1736876801109721,
                3.4356314473886704,
                -9.268473759808884,
                0.0,
                6.78209365702209
            ],
            [
                -0.2385232205064583,
                -0.018386034257420823,
                2.0567685802590776,
                -6.624885446872699,
                15.581789011458973,
                -42.04909893450415,
                31.29233604442268
            ]
        ],
        "H": [
            0.033259781270735166,
            0.18296787182860383,
            0.25196015663287663,
            0.2394441868547526,
