{
    "poly_p3_open": {
        "basis": [
            "P_0(x)",
            "P_1(x)",
            "P_2(x)",
            "P_3(x)"
        ],
        "quad_basis": [
            "P_0(x)",
            "P_1(x)",
            "P_2(x)",
            "P_3(x)",
            "P_4(x)",
            "P_5(x)",
            "P_6(x)",
            "P_7(x)"
        ],
        "op_type": "open",
        "interval": [
            0.0,
            1.0
        ],
        "nodes": [
            0.06943184420297371,
            0.33000947820757187,
            0.6699905217924281,
            0.9305681557970263
        ],
        "D": [
            [
                -6.664000472704563,
                9.720308831370392,
                -4.217564696990358,
                1.161256338324529
            ],
            [
                -1.5151152295984678,
                -0.7688287844464172,
                2.9413404625614334,
                -0.6573964485165485
            ],
            [
                0.6573964485165485,
                -2.9413404625614334,
                0.7688287844464172,
                1.5151152295984678
            ],
            [
                -1.161256338324529,
                4.217564696990358,
                -9.720308831370392,
                6.664000472704563
            ]
        ],
        "H": [
            0.17392742256872692,
            0.32607257743127305,
            0.32607257743127305,
            0.17392742256872692
        ],
        "tL": [
            1.5267881254572668,
            -0.8136324494869273,
            0.4007615203116504,
            -0.11391719628198993
        ],
        "tR": [
            -0.11391719628198993,
            0.4007615203116504,
            -0.8136324494869273,
            1.5267881254572668
        ]
    },
    "poly_p4_open": {
        "basis": [
            "P_0(x)",
            "P_1(x)",
            "P_2(x)",
            "P_3(x)",
            "P_4(x)"
        ],
        "quad_basis": [
            "P_0(x)",
            "P_1(x)",
            "P_2(x)",
            "P_3(x)",
            "P_4(x)",
            "P_5(x)",
            "P_6(x)",
            "P_7(x)",
            "P_8(x)",
            "P_9(x)"
        ],
        "op_type": "open",
        "interval": [
            0.0,
            1.0
        ],
        "nodes": [
            0.046910077030668004,
            0.23076534494715845,
            0.5,
            0.7692346550528415,
            0.953089922969332
        ],
        "D": [
            [
                -10.134081191309084,
                15.403904170344488,
                -8.08708750877533,
                3.9207982316665575,
                -1.1035337019266331
            ],
            [
                -1.9205120472639154,
                -1.5167064343357508,
                4.805501304328599,
                -1.8571160532876687,
                0.48883323055873584
            ],
            [
                0.6023363194556628,
                -2.8707764846694825,
                -7.201236915886367e-42,
                2.8707764846694825,
                -0.6023363194556628
            ],
            [
                -0.48883323055873584,
                1.8571160532876687,
                -4.805501304328599,
                1.5167064343357508,
                1.9205120472639154
            ],
            [
                1.1035337019266331,
                -3.9207982316665575,
                8.08708750877533,
                -15.403904170344488,
                10.134081191309084
            ]
        ],
        "H": [
            0.11846344252809454,
            0.23931433524968324,
            0.28444444444444444,
            0.23931433524968324,
            0.11846344252809454
        ],
        "tL": [
            1.551408049094313,
            -0.8931583920000717,
            0.5333333333333333,
            -0.2679416522233875,
            0.0763586617958129
        ],
        "tR": [
            0.0763586617958129,
            -0.2679416522233875,
            0.5333333333333333,
            -0.8931583920000717,
            1.551408049094313
        ]
    },
    "poly_p5_open": {
        "basis": [
            "P_0(x)",
            "P_1(x)",
            "P_2(x)",
            "P_3(x)",
            "P_4(x)",
            "P_5(x)"
        ],
        "quad_basis": [
            "P_0(x)",
            "P_1(x)",
            "P_2(x)",
            "P_3(x)",
            "P_4(x)",
            "P_5(x)",
            "P_6(x)",
            "P_7(x)",
            "P_8(x)",
            "P_9(x)",
            "P_10(x)",
            "P_11(x)"
        ],
        "op_type": "open",
        "interval": [
            0.0,
            1.0
        ],
        "nodes": [
            0.03376524289842399,
            0.16939530676686773,
            0.38069040695840156,
            0.6193095930415985,
            0.8306046932331322,
            0.966234757101576
        ],
        "D": [
            [
                -14.290654263543217,
                22.218567389788113,
                -12.80563336161772,
                7.587122057936119,
                -3.7818229417186564,
                1.072421119155361
            ],
            [
                -2.4466509445028177,
                -2.349704562068192,
                6.977107593694118,
                -3.276687789274829,
                1.5123802239776898,
                -0.4164445218259688
            ],
            [
                0.6488246362813404,
                -3.2103008033638982,
                -0.5060525574186553,
                4.1907778515820615,
                -1.5076667947315057,
                0.3844176676506578
            ],
            [
                -0.3844176676506578,
                1.5076667947315057,
                -4.1907778515820615,
                0.5060525574186553,
                3.2103008033638982,
                -0.6488246362813404
            ],
            [
                0.4164445218259688,
                -1.5123802239776898,
                3.276687789274829,
                -6.977107593694118,
                2.349704562068192,
                2.4466509445028177
            ],
            [
                -1.072421119155361,
                3.7818229417186564,
                -7.587122057936119,
                12.80563336161772,
                -22.218567389788113,
                14.290654263543217
            ]
        ],
        "H": [
            0.08566224618958518,
            0.1803807865240693,
            0.23395696728634552,
            0.23395696728634552,
            0.1803807865240693,
            0.08566224618958518
        ],
        "tL": [
            1.565673200151072,
            -0.940462843176349,
            0.6169300554304887,
            -0.37922770211461376,
            0.19180001403866795,
            -0.05471272432926591
        ],
        "tR": [
            -0.05471272432926591,
            0.19180001403866795,
            -0.37922770211461376,
            0.6169300554304887,
            -0.940462843176349,
            1.565673200151072
        ]
    },
    "poly_p4_closed": {
        "basis": [
            "P_0(x)",
            "P_1(x)",
            "P_2(x)",
            "P_3(x)",
            "P_4(x)"
        ],
        "quad_basis": [
            "P_0(x)",
            "P_1(x)",
            "P_2(x)",
            "P_3(x)",
            "P_4(x)",
            "P_5(x)",
            "P_6(x)",
            "P_7(x)"
        ],
        "op_type": "closed",
        "interval": [
            0.0,
            1.0
        ],
        "nodes": [
            0.0,
            0.17267316464601143,
            0.5,
            0.8273268353539885,
            1.0
        ],
        "D": [
            [
                -10.0,
                13.51300497744848,
                -5.333333333333333,
                2.8203283558848535,
                -1.0
            ],
            [
                -2.4819805060619657,
                1.808011330610452e-41,
                3.4914862437758782,
                -1.5275252316519468,
                0.5180194939380343
            ],
            [
                0.75,
                -2.6731691553909065,
                -0.0,
                2.6731691553909065,
                -0.75
            ],
            [
                -0.5180194939380343,
                1.5275252316519468,
                -3.4914862437758782,
                -8.767564846412937e-42,
                2.4819805060619657
            ],
            [
                1.0,
                -2.8203283558848535,
                5.333333333333333,
                -13.51300497744848,
                10.0
            ]
        ],
        "H": [
            0.05,
            0.2722222222222222,
            0.35555555555555557,
            0.2722222222222222,
            0.05
        ],
        "tL": [
            1.0,
            0.0,
            0.0,
            0.0,
            0.0
        ],
        "tR": [
            0.0,
            0.0,
            0.0,
            0.0,
            1.0
        ]
    },
    "poly_p4_half-open-right": {
        "basis": [
            "P_0(x)",
            "P_1(x)",
            "P_2(x)",
            "P_3(x)",
            "P_4(x)"
        ],
        "quad_basis": [
            "P_0(x)",
            "P_1(x)",
            "P_2(x)",
            "P_3(x)",
            "P_4(x)",
            "P_5(x)",
            "P_6(x)",
            "P_7(x)",
            "P_8(x)"
        ],
        "op_type": "half-open-right",
        "interval": [
            0.0,
            1.0
        ],
        "nodes": [
            0.0,
            0.13975986434378054,
            0.41640956763108317,
            0.7231569863618762,
            0.9428958038854823
        ],
        "D": [
            [
                -12.0,
                15.672957886849387,
                -5.1222398733515355,
                1.929666709164796,
                -0.4803847226626474
            ],
            [
                -3.266510755320855,
                0.5812330525808164,
                3.5197917271527355,
                -1.0919862533645905,
                0.257472228951894
            ],
            [
                1.1258970687151324,
                -3.712125207710328,
                0.8567652453971776,
                2.132815860990614,
                -0.40335296739259596
            ],
            [
                -0.9909517822754091,
                2.690631758796216,
                -4.982930209745179,
                1.8060777240836443,
                1.4771725091407277
            ],
            [
                2.3414420120910084,
                -6.0213169205854165,
                8.944183477123811,
                -14.020232546567765,
                8.755923977938362
            ]
        ],
        "H": [
            0.04,
            0.22310390108357075,
            0.31182652297574126,
            0.28135601514946207,
            0.14371356079122594
        ],
        "tL": [
            1.0,
            0.0,
            0.0,
            0.0,
            0.0
        ],
        "tR": [
            0.2,
            -0.5092648848477427,
            0.7309748661597875,
            -1.008117881498373,
            1.5864079001863283
        ]
    },
    "sqrt_p3_k1_open_optFalse_simultaneous_v8": {
        "basis": [
            "P_0(x)",
            "P_1(x)",
            "P_2(x)",
            "P_3(x)",
            "sqrt(1-x)"
        ],
        "quad_basis": [
            "P_0(x)",
            "P_1(x)",
            "P_2(x)",
            "P_3(x)",
            "P_4(x)",
            "P_5(x)",
            "x^0/sqrt(1-x)",
            "x^1/sqrt(1-x)",
            "x^2/sqrt(1-x)",
            "x^3/sqrt(1-x)"
        ],
        "op_type": "open",
        "interval": [
            0.0,
            1.0
        ],
        "nodes": [
            0.08698999471797182,
            0.39331358559479346,
            0.7361714640118088,
            0.9421873911272542,
            0.9975653442848256
        ],
        "D": [
            [
                -6.040592988022479,
                9.925838969881163,
                -6.570233352119586,
                3.975015241503876,
                -1.290027871242974
            ],
            [
                -1.0750871919895675,
                -1.6139567490471063,
                4.073248434980072,
                -1.9960671659135296,
                0.6118626719701311
            ],
            [
                0.36854080769483266,
                -2.112013818680786,
                -1.0015416141073454,
                3.6548974229808597,
                -0.9098827978875607
            ],
            [
                -0.4219158721982989,
                1.9760577349843782,
                -7.097287989762692,
                0.8186918376626334,
                4.724454289313979
            ],
            [
                3.2508292270187025,
                -14.579633082899614,
                43.81209145218382,
                -119.2273863418717,
                86.74409874556879
            ]
        ],
        "H": [
            0.2152433397196585,
            0.36182009869063947,
            0.29219879301237367,
            0.11847057039426116,
            0.012267198183067153
        ],
        "tL": [
            1.612712110512138,
            -1.0848000613555733,
            0.813763083720372,
            -0.5083411911380508,
            0.16666605826111397
        ],
        "tR": [
            0.021107679509977297,
            -0.09416577229418663,
            0.2773298664738963,
            -0.6726013266249908,
            1.4683295529353038
        ]
    },
    "sqrt_p3_k2_open_optFalse_simultaneous_v8": {
        "basis": [
            "P_0(x)",
            "P_1(x)",
            "P_2(x)",
            "P_3(x)",
            "sqrt(2-x)"
        ],
        "quad_basis": [
            "P_0(x)",
            "P_1(x)",
            "P_2(x)",
            "P_3(x)",
            "P_4(x)",
            "P_5(x)",
            "x^0/sqrt(2-x)",
            "x^1/sqrt(2-x)",
            "x^2/sqrt(2-x)",
            "x^3/sqrt(2-x)"
        ],
        "op_type": "open",
        "interval": [
            0.0,
            1.0
        ],
        "nodes": [
            0.05409772753686741,
            0.2594068915082992,
            0.5405526099312045,
            0.7981825366195615,
            0.9604074042430535
        ],
        "D": [
            [
                -8.98751077021942,
                13.854765061689525,
                -7.600929206692857,
                3.8499469673878965,
                -1.1162720521651452
            ],
            [
                -1.7129562574912303,
                -1.5473415544312983,
                4.62058332186278,
                -1.8666558935552433,
                0.5063703836149921
            ],
            [
                0.5574314484369076,
                -2.7408469612252397,
                -0.16855299963996948,
                3.00137334956683,
                -0.6494048371385291
            ],
            [
                -0.47282496457737905,
                1.8543789210123502,
                -5.026764554898438,
                1.4739815670955183,
                2.171229031367949
            ],
            [
                1.1057600477980813,
                -4.057655554301382,
                8.77378631456966,
                -17.51555539809538,
                11.693664590029023
            ]
        ],
        "H": [
            0.13573810723075294,
            0.26024195231682995,
            0.2846723564437007,
            0.21843659983223213,
            0.10091098417648428
        ],
        "tL": [
            1.563352022476023,
            -0.9274725879323336,
            0.5786455502273772,
            -0.3036649764552261,
            0.08913999168415958
        ],
        "tR": [
            0.0646076222182064,
            -0.23417734158876538,
            0.4887391058751237,
            -0.857995024105043,
            1.5388256376004783
        ]
    },
    "sqrt_p3_k4_open_optFalse_simultaneous_v8": {
        "basis": [
            "P_0(x)",
            "P_1(x)",
            "P_2(x)",
            "P_3(x)",
            "sqrt(4-x)"
        ],
        "quad_basis": [
            "P_0(x)",
            "P_1(x)",
            "P_2(x)",
            "P_3(x)",
            "P_4(x)",
            "P_5(x)",
            "x^0/sqrt(4-x)",
            "x^1/sqrt(4-x)",
            "x^2/sqrt(4-x)",
            "x^3/sqrt(4-x)"
        ],
        "op_type": "open",
        "interval": [
            0.0,
            1.0
        ],
        "nodes": [
            0.04993361998148928,
            0.24278816022910296,
            0.5169700738352233,
            0.7813111129915987,
            0.956136202585808
        ],
        "D": [
            [
                -9.614363105416576,
                14.701199470300239,
                -7.86408044502842,
                3.884605925801142,
                -1.1073618456563847
            ],
            [
                -1.8290404773734004,
                -1.5307618759328088,
                4.724127355228552,
                -1.8603138215504484,
                0.4959888196281062
            ],
            [
                0.5832867629269667,
                -2.8163464208838525,
                -0.07049867462056945,
                2.92532305388609,
                -0.6217647213086345
            ],
            [
                -0.48194495783358926,
                1.8551068811958418,
                -4.893208163373217,
                1.5005522965079325,
                2.019493943503032
            ],
            [
                1.1022814436458084,
                -3.9683419541290346,
                8.344542126677531,
                -16.20317538605563,
                10.724693769861325
            ]
        ],
        "H": [
            0.1257260428096004,
            0.24806596892162316,
            0.2844843525830957,
            0.23057144066161833,
            0.11115219502406237
        ],
        "tL": [
            1.556482555958487,
            -0.9076144061463791,
            0.5521962629952932,
            -0.2826438974403382,
            0.08157948463293713
        ],
        "tR": [
            0.07131824623313719,
            -0.25358244095626425,
            0.5145961263468364,
            -0.878553687800656,
            1.5462217561769467
        ]
    },
    "sqrt_p3_k3_open_optFalse_simultaneous_v8": {
        "basis": [
            "P_0(x)",
            "P_1(x)",
            "P_2(x)",
            "P_3(x)",
            "sqrt(3-x)"
        ],
        "quad_basis": [
            "P_0(x)",
            "P_1(x)",
            "P_2(x)",
            "P_3(x)",
            "P_4(x)",
            "P_5(x)",
            "x^0/sqrt(3-x)",
            "x^1/sqrt(3-x)",
            "x^2/sqrt(3-x)",
            "x^3/sqrt(3-x)"
        ],
        "op_type": "open",
        "interval": [
            0.0,
            1.0
        ],
        "nodes": [
            0.05115779917418439,
            0.24766645725083072,
            0.5238773763217915,
            0.7862419661042467,
            0.957382657133134
        ],
        "D": [
            [
                -9.420228805570284,
                14.438909143972673,
                -7.7818204286924795,
                3.872708643057386,
                -1.1095685527672943
            ],
            [
                -1.7937771272070129,
                -1.5359493469908254,
                4.692695582188064,
                -1.8619462042114474,
                0.4989770962212223
            ],
            [
                0.5756400520590729,
                -2.794218543055095,
                -0.09920411443336695,
                2.9475652228431306,
                -0.6297826174137413
            ],
            [
                -0.4792187504391748,
                1.854640098311739,
                -4.930857497826026,
                1.4933011198225519,
                2.0621350301309103
            ],
            [
                1.102616520662198,
                -3.9914446062124083,
                8.460823196867686,
                -16.560860661906247,
                10.98886555058877
            ]
        ],
        "H": [
            0.12866823832856084,
            0.2516306022574,
            0.28452345309049454,
            0.22701536764171912,
            0.10816233868182545
        ],
        "tL": [
            1.5585164166688055,
            -0.9134578238808977,
            0.5599133891427255,
            -0.2887288602436664,
            0.08375687831303313
        ],
        "tR": [
            0.0693176088507903,
            -0.24783356828505207,
            0.50700217843966,
            -0.8725645879648232,
            1.544078368959425
        ]
    },
    "sqrt_p3_k7_open_optFalse_simultaneous_v8": {
        "basis": [
            "P_0(x)",
            "P_1(x)",
            "P_2(x)",
            "P_3(x)",
            "sqrt(7-x)"
        ],
        "quad_basis": [
            "P_0(x)",
            "P_1(x)",
            "P_2(x)",
            "P_3(x)",
            "P_4(x)",
            "P_5(x)",
            "x^0/sqrt(7-x)",
            "x^1/sqrt(7-x)",
            "x^2/sqrt(7-x)",
            "x^3/sqrt(7-x)"
        ],
        "op_type": "open",
        "interval": [
            0.0,
            1.0
        ],
        "nodes": [
            0.04853501829046401,
            0.2372222050648814,
            0.5091043860386221,
            0.7757069549713241,
            0.9547214085345161
        ],
        "D": [
            [
                -9.847285705572046,
                15.01604509875775,
                -7.963557705993145,
                3.900091579945133,
                -1.1052932671376938
            ],
            [
                -1.870556202653347,
                -1.5244887668759566,
                4.761092390104792,
                -1.8586865983195036,
                0.4926391777440156
            ],
            [
                0.5920696072574412,
                -2.8415623151056195,
                -0.037819392302933796,
                2.9000241722446063,
                -0.6127120720934944
            ],
            [
                -0.4851042065479942,
                1.8558875043999594,
                -4.851731637186139,
                1.5083208334594946,
                1.9726275058746798
            ],
            [
                1.1025136492662002,
                -3.9447633246945784,
                8.220503781575308,
                -15.819475371249332,
                10.441221265102401
            ]
        ],
        "H": [
            0.12236583970300631,
            0.24400847889829463,
            0.2844559310036133,
            0.23462270712990443,
            0.11454704326518128
        ],
        "tL": [
            1.5541442913128924,
            -0.9009319298298565,
            0.5434366628125086,
            -0.2757860123044157,
            0.07913698800887119
        ],
        "tR": [
            0.07363226130587198,
            -0.26019602606707526,
            0.5232661899968001,
            -0.8853420575778603,
            1.5486396323422635
        ]
    },
    "sqrt_p3_k6_open_optFalse_simultaneous_v8": {
        "basis": [
            "P_0(x)",
            "P_1(x)",
            "P_2(x)",
            "P_3(x)",
            "sqrt(6-x)"
        ],
        "quad_basis": [
            "P_0(x)",
            "P_1(x)",
            "P_2(x)",
            "P_3(x)",
            "P_4(x)",
            "P_5(x)",
            "x^0/sqrt(6-x)",
            "x^1/sqrt(6-x)",
            "x^2/sqrt(6-x)",
            "x^3/sqrt(6-x)"
        ],
        "op_type": "open",
        "interval": [
            0.0,
            1.0
        ],
        "nodes": [
            0.048830889451544124,
            0.23839901462150057,
            0.510766073476259,
            0.7768899148661281,
            0.9550198865563124
        ],
        "D": [
            [
                -9.796977055414327,
                14.948029283599265,
                -7.942003888879842,
                3.896640964626954,
                -1.105689303932049
            ],
            [
                -1.8616616808986817,
                -1.5258477168353368,
                4.753176954528989,
                -1.8590096338725899,
                0.4933420770776196
            ],
            [
                0.5902074662419045,
                -2.8362335533182796,
                -0.04472255314731895,
                2.9053662891650665,
                -0.6146176489413724
            ],
            [
                -0.4844319530046256,
                1.8557007262604097,
                -4.860372928999107,
                1.5067213973496532,
                1.98238275839367
            ],
            [
                1.1024126181006233,
                -3.9495138941980215,
                8.246002197548925,
                -15.898548606220153,
                10.499647684768625
            ]
        ],
        "H": [
            0.12307657704481381,
            0.24486550049386985,
            0.2844605066127168,
            0.23376668753619526,
            0.11383072831240423
        ],
        "tL": [
            1.5546402459355795,
            -0.9023462040222179,
            0.5452847555448345,
            -0.277228512697451,
            0.07964971523925489
        ],
        "tR": [
            0.07314021840746847,
            -0.2587928557605115,
            0.5214325118162366,
            -0.8839107355661624,
            1.5481308611029687
        ]
    },
    "sqrt_p3_k5_open_optFalse_simultaneous_v8": {
        "basis": [
            "P_0(x)",
            "P_1(x)",
            "P_2(x)",
            "P_3(x)",
            "sqrt(5-x)"
        ],
        "quad_basis": [
            "P_0(x)",
            "P_1(x)",
            "P_2(x)",
            "P_3(x)",
            "P_4(x)",
            "P_5(x)",
            "x^0/sqrt(5-x)",
            "x^1/sqrt(5-x)",
            "x^2/sqrt(5-x)",
            "x^3/sqrt(5-x)"
        ],
        "op_type": "open",
        "interval": [
            0.0,
            1.0
        ],
        "nodes": [
            0.049258901308575416,
            0.24010202819612106,
            0.5131720604532809,
            0.7786036566292985,
            0.955452445600779
        ],
        "D": [
            [
                -9.725194782413752,
                14.850993606769139,
                -7.911313660183892,
                3.891816901789132,
                -1.1063020659606277
            ],
            [
                -1.8489018147033274,
                -1.5277830147331652,
                4.741817599697828,
                -1.8594970901336527,
                0.4943643198723176
            ],
            [
                0.5875176048937396,
                -2.828519602389382,
                -0.05471826607444354,
                2.9131035405103365,
                -0.6173832769402506
            ],
            [
                -0.48346317185071175,
                1.8554509821554472,
                -4.872998831531808,
                1.5043663700262333,
                1.9966446512008387
            ],
            [
                1.1023150240147421,
                -3.956608201758944,
                8.283581826704783,
                -16.014897286495156,
                10.585608637534577
            ]
        ],
        "H": [
            0.12410484171214343,
            0.2461065443341813,
            0.28446848798578445,
            0.23252739145590945,
            0.1127927345119814
        ],
        "tL": [
            1.55535646742087,
            -0.90439152582136,
            0.5479629403964119,
            -0.2793230836804987,
            0.08039520168457676
        ],
        "tR": [
            0.07243081226578262,
            -0.25676688937752923,
            0.5187794706974045,
            -0.8818356767046638,
            1.547392283119006
        ]
    }
}