{
    "poly_p5_open": {
        "basis": [
            "P_0(x)",
            "P_1(x)",
            "P_2(x)",
            "P_3(x)",
            "P_4(x)",
            "P_5(x)"
        ],
        "quad_basis": [
            "P_0(x)",
            "P_1(x)",
            "P_2(x)",
            "P_3(x)",
            "P_4(x)",
            "P_5(x)",
            "P_6(x)",
            "P_7(x)",
            "P_8(x)",
            "P_9(x)",
            "P_10(x)",
            "P_11(x)"
        ],
        "op_type": "open",
        "interval": [
            0.0,
            1.0
        ],
        "nodes": [
            0.03376524289842399,
            0.16939530676686773,
            0.38069040695840156,
            0.6193095930415985,
            0.8306046932331322,
            0.966234757101576
        ],
        "D": [
            [
                -14.290654263543217,
                22.218567389788113,
                -12.80563336161772,
                7.587122057936119,
                -3.7818229417186564,
                1.072421119155361
            ],
            [
                -2.4466509445028177,
                -2.349704562068192,
                6.977107593694118,
                -3.276687789274829,
                1.5123802239776898,
                -0.4164445218259688
            ],
            [
                0.6488246362813404,
                -3.2103008033638982,
                -0.5060525574186553,
                4.1907778515820615,
                -1.5076667947315057,
                0.3844176676506578
            ],
            [
                -0.3844176676506578,
                1.5076667947315057,
                -4.1907778515820615,
                0.5060525574186553,
                3.2103008033638982,
                -0.6488246362813404
            ],
            [
                0.4164445218259688,
                -1.5123802239776898,
                3.276687789274829,
                -6.977107593694118,
                2.349704562068192,
                2.4466509445028177
            ],
            [
                -1.072421119155361,
                3.7818229417186564,
                -7.587122057936119,
                12.80563336161772,
                -22.218567389788113,
                14.290654263543217
            ]
        ],
        "H": [
            0.08566224618958518,
            0.1803807865240693,
            0.23395696728634552,
            0.23395696728634552,
            0.1803807865240693,
            0.08566224618958518
        ],
        "tL": [
            1.565673200151072,
            -0.940462843176349,
            0.6169300554304887,
            -0.37922770211461376,
            0.19180001403866795,
            -0.05471272432926591
        ],
        "tR": [
            -0.05471272432926591,
            0.19180001403866795,
            -0.37922770211461376,
            0.6169300554304887,
            -0.940462843176349,
            1.565673200151072
        ]
    },
    "poly_p6_open": {
        "basis": [
            "P_0(x)",
            "P_1(x)",
            "P_2(x)",
            "P_3(x)",
            "P_4(x)",
            "P_5(x)",
            "P_6(x)"
        ],
        "quad_basis": [
            "P_0(x)",
            "P_1(x)",
            "P_2(x)",
            "P_3(x)",
            "P_4(x)",
            "P_5(x)",
            "P_6(x)",
            "P_7(x)",
            "P_8(x)",
            "P_9(x)",
            "P_10(x)",
            "P_11(x)",
            "P_12(x)",
            "P_13(x)"
        ],
        "op_type": "open",
        "interval": [
            0.0,
            1.0
        ],
        "nodes": [
            0.025446043828620736,
            0.12923440720030277,
            0.2970774243113014,
            0.5,
            0.7029225756886985,
            0.8707655927996972,
            0.9745539561713793
        ],
        "D": [
            [
                -19.136364674931517,
                30.16606823731514,
                -18.345135707627954,
                12.020667612622887,
                -7.355405394963975,
                3.703790898389062,
                -1.053620970803647
            ],
            [
                -3.0774001000648723,
                -3.2947313587633413,
                9.482660870502983,
                -4.914138465180456,
                2.774326712958563,
                -1.3485609498563167,
                0.37784329040344034
            ],
            [
                0.7387869060896345,
                -3.7433740507476227,
                -0.9717470358146979,
                5.641348779341677,
                -2.4639939558378403,
                1.0951928754396307,
                -0.29621351847078126
            ],
            [
                -0.36940282716127587,
                1.4803137098096304,
                -4.304833082923762,
                3.752442085238791e-42,
                4.304833082923762,
                -1.4803137098096304,
                0.36940282716127587
            ],
            [
                0.29621351847078126,
                -1.0951928754396307,
                2.4639939558378403,
                -5.641348779341677,
                0.9717470358146979,
                3.7433740507476227,
                -0.7387869060896345
            ],
            [
                -0.37784329040344034,
                1.3485609498563167,
                -2.774326712958563,
                4.914138465180456,
                -9.482660870502983,
                3.2947313587633413,
                3.0774001000648723
            ],
            [
                1.053620970803647,
                -3.703790898389062,
                7.355405394963975,
                -12.020667612622887,
                18.345135707627954,
                -30.16606823731514,
                19.136364674931517
            ]
        ],
        "H": [
            0.06474248308443485,
            0.13985269574463832,
            0.19091502525255946,
            0.2089795918367347,
            0.19091502525255946,
            0.13985269574463832,
            0.06474248308443485
        ],
        "tL": [
            1.5746624997105505,
            -0.9707266965061222,
            0.6721078619223618,
            -0.45714285714285713,
            0.28405414676522994,
            -0.14407010361206884,
            0.04111514886290593
        ],
        "tR": [
            0.04111514886290593,
            -0.14407010361206884,
            0.28405414676522994,
            -0.45714285714285713,
            0.6721078619223618,
            -0.9707266965061222,
            1.5746624997105505
        ]
    },
    "sqrt_p4_k1_open_optTrue_simultaneous_v13": {
        "basis": [
            "P_0(x)",
            "P_1(x)",
            "P_2(x)",
            "P_3(x)",
            "P_4(x)",
            "sqrt(1-x)"
        ],
        "quad_basis": [
            "P_0(x)",
            "P_1(x)",
            "P_2(x)",
            "P_3(x)",
            "P_4(x)",
            "P_5(x)",
            "P_6(x)",
            "P_7(x)",
            "P_8(x)",
            "x^0/sqrt(1-x)",
            "x^1/sqrt(1-x)",
            "x^2/sqrt(1-x)",
            "x^3/sqrt(1-x)",
            "x^4/sqrt(1-x)"
        ],
        "op_type": "open",
        "interval": [
            0.0,
            1.0
        ],
        "nodes": [
            0.04589894826479818,
            0.2237992137469783,
            0.4781404847575982,
            0.725504456267158,
            0.899177598818171,
            0.9802764227879894,
            0.9992194238092587
        ],
        "D": [
            [
                -11.329834387691594,
                19.061952817166976,
                -14.54873167744406,
                13.290618388567022,
                -11.972624062900989,
                8.493865139012179,
                -2.9952462167095315
            ],
            [
                -1.6613306470481726,
                -2.7636722982494333,
                7.26318717118884,
                -5.263464297472531,
                4.400689707506269,
                -3.0338413072182258,
                1.0584316712932529
            ],
            [
                0.37250530021259326,
                -2.136963504970499,
                -1.802855231085185,
                5.748221734540581,
                -3.776743522411226,
                2.4186051626680913,
                -0.8227699389543561
            ],
            [
                -0.16420047329455673,
                0.7533709039624329,
                -2.8268333443933287,
                -1.9616889660952772,
                6.446773690349291,
                -3.306941961387449,
                1.0595201508588878
            ],
            [
                0.0938013324337952,
                -0.4178761775969337,
                1.3215456607251408,
                -4.908544676119252,
                -2.8426257251040226,
                9.180219310787225,
                -2.426519725125952
            ],
            [
                0.0385401708593388,
                -0.04113540580188683,
                -0.4448688557627918,
                3.100370826789859,
                -15.893285447883285,
                -1.6711574107223757,
                14.911536122521142
            ],
            [
                -3.402193974723888,
                11.518969694152606,
                -19.507599391358465,
                14.00449604474717,
                51.79270855016063,
                -292.36860550613216,
                237.9622245831541
            ]
        ],
        "H": [
            0.11565739969362014,
            0.22941519458635454,
            0.26468042881984905,
            0.21834830666109206,
            0.1257953775615815,
            0.04214127951913338,
            0.003962013158369326
        ],
        "tL": [
            1.6189060505473423,
            -1.1266010144256002,
            0.9788622580070908,
            -0.9277481839333128,
            0.8476978379487538,
            -0.6049119916155568,
            0.21379504347128303
        ],
        "tR": [
            -0.009921291209131478,
            0.03424922704483466,
            -0.06172786099704544,
            0.06366918333272131,
            0.058423212437709406,
            -0.47441447539978554,
            1.389722004790697
        ]
    },
    "sqrt_p4_k2_open_optTrue_simultaneous_v13": {
        "basis": [
            "P_0(x)",
            "P_1(x)",
            "P_2(x)",
            "P_3(x)",
            "P_4(x)",
            "sqrt(2-x)"
        ],
        "quad_basis": [
            "P_0(x)",
            "P_1(x)",
            "P_2(x)",
            "P_3(x)",
            "P_4(x)",
            "P_5(x)",
            "P_6(x)",
            "P_7(x)",
            "P_8(x)",
            "x^0/sqrt(2-x)",
            "x^1/sqrt(2-x)",
            "x^2/sqrt(2-x)",
            "x^3/sqrt(2-x)",
            "x^4/sqrt(2-x)"
        ],
        "op_type": "open",
        "interval": [
            0.0,
            1.0
        ],
        "nodes": [
            0.029234216260756552,
            0.14648450376919256,
            0.32926884777619414,
            0.5388047169132404,
            0.7355604983218732,
            0.8884553149809191,
            0.978466124615021
        ],
        "D": [
            [
                -16.535741694891744,
                25.77516934131756,
                -15.066845174358642,
                9.333672536826894,
                -5.3397698795777755,
                2.516874116434592,
                -0.6833592457508876
            ],
            [
                -2.8011179044362686,
                -2.829550821052809,
                8.295672383423808,
                -4.146912328257008,
                2.243467607180746,
                -1.0465047616335932,
                0.28494582477512453
            ],
            [
                0.7001146643762374,
                -3.5379324584986644,
                -0.8807475683439228,
                5.261309640120874,
                -2.274940001940864,
                1.00102919715954,
                -0.268833472873201
            ],
            [
                -0.3500920043517407,
                1.4185470165423457,
                -4.201607385282413,
                -0.11511696002891983,
                4.40290026808398,
                -1.5452725600541921,
                0.39064162509094047
            ],
            [
                0.2618357615372818,
                -0.995015601215771,
                2.34255736722316,
                -5.675312421446279,
                0.7250743008936654,
                4.195064927809748,
                -0.8542043348018048
            ],
            [
                -0.29030191067835215,
                1.0860941132670026,
                -2.4118625384108006,
                4.687578553594098,
                -9.92876644168652,
                3.2055475824990154,
                3.651710641415556
            ],
            [
                0.6965234915696942,
                -2.6160083950664066,
                5.771052026214177,
                -10.679488882671379,
                18.404325056716743,
                -33.40040689880309,
                21.82400360204026
            ]
        ],
        "H": [
            0.07413728097984083,
            0.15583047772260306,
            0.20306663044787754,
            0.2092548440938788,
            0.1790178210082118,
            0.12363559184472563,
            0.05505735390286236
        ],
        "tL": [
            1.565983904156672,
            -0.9426620310512224,
            0.6250420720490447,
            -0.3997498219493261,
            0.23065470410951575,
            -0.10872747075588389,
            0.02945864344119969
        ],
        "tR": [
            0.02181127206873253,
            -0.08216564011513484,
            0.18159490596885966,
            -0.3340993222107644,
            0.5592888657553637,
            -0.8969176149426222,
            1.5504875334755654
        ]
    },
    "sqrt_p4_k4_open_optTrue_simultaneous_v13": {
        "basis": [
            "P_0(x)",
            "P_1(x)",
            "P_2(x)",
            "P_3(x)",
            "P_4(x)",
            "sqrt(4-x)"
        ],
        "quad_basis": [
            "P_0(x)",
            "P_1(x)",
            "P_2(x)",
            "P_3(x)",
            "P_4(x)",
            "P_5(x)",
            "P_6(x)",
            "P_7(x)",
            "P_8(x)",
            "x^0/sqrt(4-x)",
            "x^1/sqrt(4-x)",
            "x^2/sqrt(4-x)",
            "x^3/sqrt(4-x)",
            "x^4/sqrt(4-x)"
        ],
        "op_type": "open",
        "interval": [
            0.0,
            1.0
        ],
        "nodes": [
            0.02704612152263219,
            0.13650602095116843,
            0.3106031240590509,
            0.5162394939983337,
            0.7165264591537145,
            0.8781141879989668,
            0.9761757467521255
        ],
        "D": [
            [
                -18.203324829698566,
                28.967456283577352,
                -18.164183811749286,
                12.352017513857328,
                -7.844432268958415,
                4.073592786820871,
                -1.1811256738492826
            ],
            [
                -2.8714325369824474,
                -3.3492608148981593,
                9.38070761175252,
                -5.0773945869386745,
                2.993451412004882,
                -1.5080043443166662,
                0.4319332593785442
            ],
            [
                0.6666983580169782,
                -3.4790333876261554,
                -1.2182799953301446,
                5.813207237389742,
                -2.6834714733933667,
                1.2478525151742086,
                -0.3469732542312622
            ],
            [
                -0.3070643368963713,
                1.282979368055351,
                -3.9848483129419923,
                -0.37289942416385974,
                4.63651082159805,
                -1.6926704264283192,
                0.437992310777141
            ],
            [
                0.21040910755240907,
                -0.8278892366440235,
                2.049653239707616,
                -5.231255049489479,
                0.4963097668955265,
                4.165060203192363,
                -0.8622880312144124
            ],
            [
                -0.21227306526681058,
                0.8322680173626311,
                -1.967937229755008,
                4.055841431736286,
                -8.975411299881385,
                2.8296529631315033,
                3.4378591826727836
            ],
            [
                0.46703249572333483,
                -1.8715097458499923,
                4.4767694516074235,
                -8.879952063604838,
                16.04564818377244,
                -29.91456354666441,
                19.676575225016045
            ]
        ],
        "H": [
            0.06870873178066304,
            0.14656825157216619,
            0.19597020376505217,
            0.20902778920980225,
            0.18590439439992704,
            0.13309523443080157,
            0.06072539484158774
        ],
        "tL": [
            1.5816775217911603,
            -0.9929106816626136,
            0.7079937039221877,
            -0.49904172252717516,
            0.3213876720318613,
            -0.16791629422397228,
            0.04880980066855176
        ],
        "tR": [
            0.0157815227193418,
            -0.06388284873213249,
            0.15414904131387863,
            -0.305204777750497,
            0.5364907911912588,
            -0.883981069275531,
            1.5466473405336811
        ]
    },
    "sqrt_p4_k3_open_optTrue_simultaneous_v13": {
        "basis": [
            "P_0(x)",
            "P_1(x)",
            "P_2(x)",
            "P_3(x)",
            "P_4(x)",
            "sqrt(3-x)"
        ],
        "quad_basis": [
            "P_0(x)",
            "P_1(x)",
            "P_2(x)",
            "P_3(x)",
            "P_4(x)",
            "P_5(x)",
            "P_6(x)",
            "P_7(x)",
            "P_8(x)",
            "x^0/sqrt(3-x)",
            "x^1/sqrt(3-x)",
            "x^2/sqrt(3-x)",
            "x^3/sqrt(3-x)",
            "x^4/sqrt(3-x)"
        ],
        "op_type": "open",
        "interval": [
            0.0,
            1.0
        ],
        "nodes": [
            0.027691253787663447,
            0.13944388744588246,
            0.31608601927040236,
            0.5228491775638204,
            0.7220859557535234,
            0.8811274774050157,
            0.9768421521742606
        ],
        "D": [
            [
                -18.008738168321113,
                29.00874483531212,
                -18.899481950198595,
                13.43431763467893,
                -8.90094399812219,
                4.780571477896884,
                -1.4144698312460344
            ],
            [
                -2.8432782561478205,
                -3.211983692947998,
                9.087126073716483,
                -4.842773650945933,
                2.8132765390295664,
                -1.4008198576712478,
                0.39845284496695044
            ],
            [
                0.7205363309362828,
                -3.6354621474427753,
                -0.8923579987119068,
                5.384916133342873,
                -2.326276928934886,
                1.0236923166645036,
                -0.27504770585409194
            ],
            [
                -0.32328773893454504,
                1.3337389493486587,
                -4.065262335122946,
                -0.2797111323231007,
                4.554185089118512,
                -1.6412822446104471,
                0.4216194125238674
            ],
            [
                0.06041208501773716,
                -0.35129780836447644,
                1.2758307101380015,
                -4.343706969302917,
                -0.35432884964209393,
                4.765235247730008,
                -1.0521444155762585
            ],
            [
                0.4376619427612852,
                -1.2342287045110367,
                1.4003409425273685,
                0.1051387655554084,
                -5.518771811356214,
                0.5334494226667885,
                4.2764094423564005
            ],
            [
                -2.675947368112625,
                8.124017154278372,
                -11.830115925312976,
                10.31247346652934,
                -1.0592825428181316,
                -19.4146831310923,
                16.543538346528322
            ]
        ],
        "H": [
            0.07030870312948141,
            0.1492896139891271,
            0.19804025605314476,
            0.2090750112804158,
            0.18387798774763386,
            0.13033281434814495,
            0.0590756134520521
        ],
        "tL": [
            1.595152789619688,
            -1.0358474830049436,
            0.7783062388911095,
            -0.5823635904626819,
            0.3967430165877537,
            -0.21664441908828827,
            0.06465344745736247
        ],
        "tR": [
            -0.110319404482496,
            0.3375624338230211,
            -0.5023096538838061,
            0.4713662431752682,
            -0.16461612759661884,
            -0.4312617922552532,
            1.3995783012198848
        ]
    },
    "sqrt_p4_k7_open_optTrue_simultaneous_v13": {
        "basis": [
            "P_0(x)",
            "P_1(x)",
            "P_2(x)",
            "P_3(x)",
            "P_4(x)",
            "sqrt(7-x)"
        ],
        "quad_basis": [
            "P_0(x)",
            "P_1(x)",
            "P_2(x)",
            "P_3(x)",
            "P_4(x)",
            "P_5(x)",
            "P_6(x)",
            "P_7(x)",
            "P_8(x)",
            "x^0/sqrt(7-x)",
            "x^1/sqrt(7-x)",
            "x^2/sqrt(7-x)",
            "x^3/sqrt(7-x)",
            "x^4/sqrt(7-x)"
        ],
        "op_type": "open",
        "interval": [
            0.0,
            1.0
        ],
        "nodes": [
            0.02630715946581751,
            0.13314513070492517,
            0.30434365316704615,
            0.5087125023564337,
            0.7102113077824268,
            0.8746984735561509,
            0.975421321353593
        ],
        "D": [
            [
                -18.514375057982548,
                29.16757815144317,
                -17.701592802986394,
                11.56902228720924,
                -7.059898959065422,
                3.5467001732518497,
                -1.007433791869897
            ],
            [
                -2.99142914122517,
                -3.238807691288275,
                9.287302832705018,
                -4.840284424062083,
                2.7483184696525274,
                -1.3423102747598383,
                0.37721022897782147
            ],
            [
                0.709623527341904,
                -3.6317544562620827,
                -1.053356510587887,
                5.672619127153392,
                -2.526778649922299,
                1.1415108823295148,
                -0.3118639200525424
            ],
            [
                -0.3370956234605624,
                1.3785630762299776,
                -4.141253881090854,
                -0.18903830590628173,
                4.471546800834561,
                -1.5861224649656909,
                0.40340039835884944
            ],
            [
                0.24320379074566273,
                -0.9305777952283472,
                2.2095857471290574,
                -5.386665004062054,
                0.689267097418581,
                3.9849472339170084,
                -0.8097610699199086
            ],
            [
                -0.2672600403583654,
                1.0045062621577525,
                -2.237622117068724,
                4.337812388307982,
                -9.109937031513342,
                2.985996200479539,
                3.286504337995158
            ],
            [
                0.6508267357791973,
                -2.448440117046147,
                5.386354109479778,
                -9.860515911947536,
                16.701165811115963,
                -29.759232923432947,
                19.329842296051694
            ]
        ],
        "H": [
            0.06687664032131097,
            0.14346079505285986,
            0.19362165698924083,
            0.20899346423625892,
            0.18822121549814058,
            0.1362325350150624,
            0.06259369288712645
        ],
        "tL": [
            1.5738210126228582,
            -0.9680677709794474,
            0.6678127174668171,
            -0.4521373566172115,
            0.2796031133439617,
            -0.14123221156079685,
            0.040200495723818765
        ],
        "tR": [
            0.02354095835218681,
            -0.08872066488732504,
            0.1951116594403113,
            -0.3541364827286008,
            0.5810742489128541,
            -0.9129765612849532,
            1.5561068421955269
        ]
    },
    "sqrt_p4_k6_open_optTrue_simultaneous_v13": {
        "basis": [
            "P_0(x)",
            "P_1(x)",
            "P_2(x)",
            "P_3(x)",
            "P_4(x)",
            "sqrt(6-x)"
        ],
        "quad_basis": [
            "P_0(x)",
            "P_1(x)",
            "P_2(x)",
            "P_3(x)",
            "P_4(x)",
            "P_5(x)",
            "P_6(x)",
            "P_7(x)",
            "P_8(x)",
            "x^0/sqrt(6-x)",
            "x^1/sqrt(6-x)",
            "x^2/sqrt(6-x)",
            "x^3/sqrt(6-x)",
            "x^4/sqrt(6-x)"
        ],
        "op_type": "open",
        "interval": [
            0.0,
            1.0
        ],
        "nodes": [
            0.026463655456249,
            0.13385651381570776,
            0.3056674176712667,
            0.5103026518233039,
            0.7115440363280088,
            0.8754186828737781,
            0.9755803068090706
        ],
        "D": [
            [
                -18.438772406928862,
                29.097555605947708,
                -17.757314776265908,
                11.685089424191242,
                -7.18074569976801,
                3.6287491108674454,
                -1.0345612580436137
            ],
            [
                -2.9682338090875344,
                -3.2541678370514107,
                9.29347656031348,
                -4.874566434173175,
                2.7857283286010097,
                -1.3679449075435801,
                0.38570809894121116
            ],
            [
                0.702119418310945,
                -3.604484308771438,
                -1.0797837657814482,
                5.692125853880791,
                -2.550597901793786,
                1.1579227546240392,
                -0.3173020504691028
            ],
            [
                -0.33227564866992965,
                1.3632575232623343,
                -4.116303103168116,
                -0.21823225761193238,
                4.49761589481045,
                -1.6028950555658328,
                0.4088326469430261
            ],
            [
                0.23828322098249946,
                -0.9153058720081056,
                2.186375854728416,
                -5.36641699400543,
                0.6600708738456968,
                4.015370748222714,
                -0.8183778317657906
            ],
            [
                -0.25934096791452727,
                0.9799297576663759,
                -2.2000500819925897,
                4.301244032013719,
                -9.101976639235763,
                2.9665630670664553,
                3.313630832396329
            ],
            [
                0.6248294591732944,
                -2.36751818286998,
                5.26141608869337,
                -9.732987739598746,
                16.633893099684432,
                -29.835174198952316,
                19.415541473869947
            ]
        ],
        "H": [
            0.06726458514045808,
            0.14411802272947843,
            0.19411702554617388,
            0.2089989902339189,
            0.18773095449699204,
            0.13557050273060223,
            0.06219991912237645
        ],
        "tL": [
            1.5751359226123975,
            -0.9722080495898745,
            0.6744632568624093,
            -0.459835885524473,
            0.28640362511564826,
            -0.1455446646007414,
            0.041585795124633944
        ],
        "tR": [
            0.02237010954861888,
            -0.08497071893259531,
            0.18892289211306745,
            -0.34673966986970445,
            0.5743330974659369,
            -0.9085923960512852,
            1.5546766857259617
        ]
    },
    "sqrt_p4_k5_open_optTrue_simultaneous_v13": {
        "basis": [
            "P_0(x)",
            "P_1(x)",
            "P_2(x)",
            "P_3(x)",
            "P_4(x)",
            "sqrt(5-x)"
        ],
        "quad_basis": [
            "P_0(x)",
            "P_1(x)",
            "P_2(x)",
            "P_3(x)",
            "P_4(x)",
            "P_5(x)",
            "P_6(x)",
            "P_7(x)",
            "P_8(x)",
            "x^0/sqrt(5-x)",
            "x^1/sqrt(5-x)",
            "x^2/sqrt(5-x)",
            "x^3/sqrt(5-x)",
            "x^4/sqrt(5-x)"
        ],
        "op_type": "open",
        "interval": [
            0.0,
            1.0
        ],
        "nodes": [
            0.026689883349871355,
            0.13488523763063123,
            0.30758278858691057,
            0.5126050455902007,
            0.7134750434881271,
            0.8764628024868132,
            0.9758108771413225
        ],
        "D": [
            [
                -18.336985136295485,
                29.016995332814723,
                -17.868766121448573,
                11.889148300723926,
                -7.388490122498443,
                3.7689358439004947,
                -1.0808380971966431
            ],
            [
                -2.933179682589203,
                -3.2821496802521306,
                9.31229032884796,
                -4.93564503820925,
                2.8503045134324565,
                -1.4118560363216388,
                0.4002355950918062
            ],
            [
                0.6901653574811639,
                -3.5615224024826775,
                -1.1239649628491608,
                5.727588539175596,
                -2.5916706104757723,
                1.1859886684785679,
                -0.32658458932771656
            ],
            [
                -0.32426359891620027,
                1.337775821514585,
                -4.074655534765959,
                -0.2671012585770836,
                4.541380583907872,
                -1.6311269327859745,
                0.417990919622761
            ],
            [
                0.22984956842325174,
                -0.888996941634237,
                2.145836446493984,
                -5.328831688062184,
                0.6101392105876167,
                4.064513782339507,
                -0.8325103781479382
            ],
            [
                -0.24554018622624751,
                0.9368735546044531,
                -2.1333434055308618,
                4.233687040547472,
                -9.077544243135245,
                2.9297291371099123,
                3.356138102630516
            ],
            [
                0.5792282683647884,
                -2.2248955561670103,
                5.038640338170901,
                -9.49866634291336,
                16.492247125642788,
                -29.919218467376833,
                19.532664634278724
            ]
        ],
        "H": [
            0.0678254408958535,
            0.14506891952336026,
            0.19483502082907395,
            0.20900862940100023,
            0.18702186846154112,
            0.13461122510676285,
            0.06162889578240808
        ],
        "tL": [
            1.5772900522441664,
            -0.9790084944922295,
            0.6854331431218107,
            -0.47259984774793234,
            0.29773710373658546,
            -0.1527625511503091,
            0.04391059428790831
        ],
        "tR": [
            0.02038886383537706,
            -0.07862452945298869,
            0.1784464059433909,
            -0.3342120287458427,
            0.5629086367368525,
            -0.9011577296947743,
            1.552250381377985
        ]
    },
    "sqrt_p4_k8_open_optTrue_simultaneous_v13": {
        "basis": [
            "P_0(x)",
            "P_1(x)",
            "P_2(x)",
            "P_3(x)",
            "P_4(x)",
            "sqrt(8-x)"
        ],
        "quad_basis": [
            "P_0(x)",
            "P_1(x)",
            "P_2(x)",
            "P_3(x)",
            "P_4(x)",
            "P_5(x)",
            "P_6(x)",
            "P_7(x)",
            "P_8(x)",
            "x^0/sqrt(8-x)",
            "x^1/sqrt(8-x)",
            "x^2/sqrt(8-x)",
            "x^3/sqrt(8-x)",
            "x^4/sqrt(8-x)"
        ],
        "op_type": "open",
        "interval": [
            0.0,
            1.0
        ],
        "nodes": [
            0.02619242853622882,
            0.13262372841542397,
            0.30337380166249767,
            0.5075480533778016,
            0.7092358429717861,
            0.8741715442691684,
            0.9753050315124896
        ],
        "D": [
            [
                -18.57198683069229,
                29.224688049008584,
                -17.66911526884141,
                11.493714603431547,
                -6.980227840564972,
                3.4923867957225876,
                -0.9894595080640508
            ],
            [
                -3.0080573604072094,
                -3.2290832311101427,
                9.285446594812104,
                -4.818239833186019,
                2.7237101421785197,
                -1.3253609721526813,
                0.37158465986543004
            ],
            [
                0.7148394535894114,
                -3.6508315945667436,
                -1.0355452658998032,
                5.6602342471357625,
                -2.5110729732575154,
                1.1306312041211097,
                -0.30825507112222134
            ],
            [
                -0.3403630988173311,
                1.388925535047027,
                -4.158110313555635,
                -0.16935645909683578,
                4.454009037458692,
                -1.5748631380121454,
                0.3997584369762288
            ],
            [
                0.24648262691232034,
                -0.9407179861695361,
                2.2248507054329294,
                -5.399421037980868,
                0.7087087481249355,
                3.9639721509238153,
                -0.8038752072435968
            ],
            [
                -0.27249174257687514,
                1.0206827352627574,
                -2.2621260830451826,
                4.361010774753636,
                -9.112632785593018,
                2.9980755942306874,
                3.267481506967994
            ],
            [
                0.6679495397241065,
                -2.5015590665845573,
                5.4677099253330965,
                -9.941858510482255,
                16.73975961959931,
                -29.697659728809818,
                19.265658221220114
            ]
        ],
        "H": [
            0.06659224652448027,
            0.14297926024972002,
            0.1932591716732631,
            0.2089900038431011,
            0.18858050244631483,
            0.13671707847418768,
            0.062881736788933
        ],
        "tL": [
            1.572924868925554,
            -0.9652514423202967,
            0.6633028276692472,
            -0.4469364215210394,
            0.275026232584872,
            -0.13833897763370784,
            0.039272912295370874
        ],
        "tR": [
            0.024330892436299743,
            -0.09124956747078464,
            0.19928221335103918,
            -0.35911634717320906,
            0.5856080021898833,
            -0.9159224559473946,
            1.5570672626141662
        ]
    },
    "sqrt_p4_k10_open_optTrue_simultaneous_v13": {
        "basis": [
            "P_0(x)",
            "P_1(x)",
            "P_2(x)",
            "P_3(x)",
            "P_4(x)",
            "sqrt(10-x)"
        ],
        "quad_basis": [
            "P_0(x)",
            "P_1(x)",
            "P_2(x)",
            "P_3(x)",
            "P_4(x)",
            "P_5(x)",
            "P_6(x)",
            "P_7(x)",
            "P_8(x)",
            "x^0/sqrt(10-x)",
            "x^1/sqrt(10-x)",
            "x^2/sqrt(10-x)",
            "x^3/sqrt(10-x)",
            "x^4/sqrt(10-x)"
        ],
        "op_type": "open",
        "interval": [
            0.0,
            1.0
        ],
        "nodes": [
            0.026035436517866797,
            0.13191044536446056,
            0.302047570818405,
            0.5059564964078153,
            0.7079032403214104,
            0.8734519873795442,
            0.9751462699322094
        ],
        "D": [
            [
                -18.653398970976134,
                29.30939353596678,
                -17.63390135800956,
                11.40139688296903,
                -6.881008039616594,
                3.424490413905683,
                -0.9669724642392037
            ],
            [
                -3.030434337020795,
                -3.2174407163179577,
                9.285843282903807,
                -4.791447694777047,
                2.693118615722779,
                -1.3041895289406298,
                0.36455037842984284
            ],
            [
                0.7216754340905025,
                -3.675968453255053,
                -1.0128455485567696,
                5.645355599791008,
                -2.4914844656062543,
                1.1169957330241185,
                -0.30372829948755237
            ],
            [
                -0.344554532488946,
                1.402199787166743,
                -4.179652371819196,
                -0.1442571627685447,
                4.431692381755122,
                -1.5605694727830317,
                0.39514137093785284
            ],
            [
                0.2506291540643072,
                -0.9534968528052022,
                2.243912799398658,
                -5.414692771566573,
                0.7332359279181409,
                3.93669484415536,
                -0.7962831011646905
            ],
            [
                -0.2790635916153503,
                1.0409297629351513,
                -2.2925263959482765,
                4.389032555856116,
                -9.11312229330711,
                3.0123499390429274,
                3.242400023036543
            ],
            [
                0.6894102841227552,
                -2.5679156249776818,
                5.568557266862396,
                -10.040711820247168,
                16.781652315325843,
                -29.607734065516304,
                19.17674164443016
            ]
        ],
        "H": [
            0.06620312075231562,
            0.1423207556473291,
            0.19276409716077197,
            0.2089860758638887,
            0.18907194640745748,
            0.13737899827653588,
            0.06327500589170124
        ],
        "tL": [
            1.5717724837508815,
            -0.9616368222932549,
            0.6575327847259267,
            -0.4403076689423624,
            0.2692153087896431,
            -0.1346774294827656,
            0.03810134345193147
        ],
        "tR": [
            0.025343473382889305,
            -0.09448909988225093,
            0.20461878586221466,
            -0.3654796391113247,
            0.5913929071450088,
            -0.9196767063377694,
            1.5582902789412323
        ]
    },
