{
    "poly_p4_open": {
        "basis": [
            "P_0(x)",
            "P_1(x)",
            "P_2(x)",
            "P_3(x)",
            "P_4(x)"
        ],
        "quad_basis": [
            "P_0(x)",
            "P_1(x)",
            "P_2(x)",
            "P_3(x)",
            "P_4(x)",
            "P_5(x)",
            "P_6(x)",
            "P_7(x)",
            "P_8(x)",
            "P_9(x)"
        ],
        "op_type": "open",
        "interval": [
            0.0,
            1.0
        ],
        "nodes": [
            0.046910077030668004,
            0.23076534494715845,
            0.5,
            0.7692346550528415,
            0.953089922969332
        ],
        "D": [
            [
                -10.134081191309084,
                15.403904170344488,
                -8.08708750877533,
                3.9207982316665575,
                -1.1035337019266331
            ],
            [
                -1.9205120472639154,
                -1.5167064343357508,
                4.805501304328599,
                -1.8571160532876687,
                0.48883323055873584
            ],
            [
                0.6023363194556628,
                -2.8707764846694825,
                -7.201236915886367e-42,
                2.8707764846694825,
                -0.6023363194556628
            ],
            [
                -0.48883323055873584,
                1.8571160532876687,
                -4.805501304328599,
                1.5167064343357508,
                1.9205120472639154
            ],
            [
                1.1035337019266331,
                -3.9207982316665575,
                8.08708750877533,
                -15.403904170344488,
                10.134081191309084
            ]
        ],
        "H": [
            0.11846344252809454,
            0.23931433524968324,
            0.28444444444444444,
            0.23931433524968324,
            0.11846344252809454
        ],
        "tL": [
            1.551408049094313,
            -0.8931583920000717,
            0.5333333333333333,
            -0.2679416522233875,
            0.0763586617958129
        ],
        "tR": [
            0.0763586617958129,
            -0.2679416522233875,
            0.5333333333333333,
            -0.8931583920000717,
            1.551408049094313
        ]
    },
    "poly_p5_open": {
        "basis": [
            "P_0(x)",
            "P_1(x)",
            "P_2(x)",
            "P_3(x)",
            "P_4(x)",
            "P_5(x)"
        ],
        "quad_basis": [
            "P_0(x)",
            "P_1(x)",
            "P_2(x)",
            "P_3(x)",
            "P_4(x)",
            "P_5(x)",
            "P_6(x)",
            "P_7(x)",
            "P_8(x)",
            "P_9(x)",
            "P_10(x)",
            "P_11(x)"
        ],
        "op_type": "open",
        "interval": [
            0.0,
            1.0
        ],
        "nodes": [
            0.03376524289842399,
            0.16939530676686773,
            0.38069040695840156,
            0.6193095930415985,
            0.8306046932331322,
            0.966234757101576
        ],
        "D": [
            [
                -14.290654263543217,
                22.218567389788113,
                -12.80563336161772,
                7.587122057936119,
                -3.7818229417186564,
                1.072421119155361
            ],
            [
                -2.4466509445028177,
                -2.349704562068192,
                6.977107593694118,
                -3.276687789274829,
                1.5123802239776898,
                -0.4164445218259688
            ],
            [
                0.6488246362813404,
                -3.2103008033638982,
                -0.5060525574186553,
                4.1907778515820615,
                -1.5076667947315057,
                0.3844176676506578
            ],
            [
                -0.3844176676506578,
                1.5076667947315057,
                -4.1907778515820615,
                0.5060525574186553,
                3.2103008033638982,
                -0.6488246362813404
            ],
            [
                0.4164445218259688,
                -1.5123802239776898,
                3.276687789274829,
                -6.977107593694118,
                2.349704562068192,
                2.4466509445028177
            ],
            [
                -1.072421119155361,
                3.7818229417186564,
                -7.587122057936119,
                12.80563336161772,
                -22.218567389788113,
                14.290654263543217
            ]
        ],
        "H": [
            0.08566224618958518,
            0.1803807865240693,
            0.23395696728634552,
            0.23395696728634552,
            0.1803807865240693,
            0.08566224618958518
        ],
        "tL": [
            1.565673200151072,
            -0.940462843176349,
            0.6169300554304887,
            -0.37922770211461376,
            0.19180001403866795,
            -0.05471272432926591
        ],
        "tR": [
            -0.05471272432926591,
            0.19180001403866795,
            -0.37922770211461376,
            0.6169300554304887,
            -0.940462843176349,
            1.565673200151072
        ]
    },
    "exp_p4_alpha80.0_div8_optTrue_sequential_open_v5": {
        "basis": [
            "P_0(x)",
            "P_1(x)",
            "P_2(x)",
            "P_3(x)",
            "P_4(x)",
            "exp((80.0/8)x)"
        ],
        "quad_basis": [
            "P_0(x)",
            "P_1(x)",
            "P_2(x)",
            "P_3(x)",
            "P_4(x)",
            "P_5(x)",
            "P_6(x)",
            "P_7(x)",
            "x^0 exp((80.0/8)x)",
            "x^1 exp((80.0/8)x)",
            "x^2 exp((80.0/8)x)",
            "x^3 exp((80.0/8)x)",
            "x^4 exp((80.0/8)x)",
            "exp(2 * (80.0/8)x)"
        ],
        "op_type": "open",
        "selector": 0,
        "interval": [
            0.0,
            1.0
        ],
        "nodes": [
            0.0341212993808258,
            0.16797987727094596,
            0.36696965568858475,
            0.5805563909929897,
            0.7675010974791951,
            0.9043569594148959,
            0.9817945573863437
        ],
        "D": [
            [
                -14.081295999230111,
                21.58787925985914,
                -11.680970064177018,
                6.112388681506567,
                -2.621753705760102,
                0.8650438711400142,
                -0.1812920433384887
            ],
            [
                -2.5818201044381692,
                -2.2150118291856415,
                6.78022731705694,
                -2.8234200690076348,
                1.1277511588779896,
                -0.36322648894924425,
                0.07550001564576053
            ],
            [
                0.7581913806852535,
                -3.687141012748347,
                -0.1948638043040754,
                4.118536627353655,
                -1.315653645971996,
                0.4049814986936469,
                -0.08405104370813735
            ],
            [
                -0.4944846225314149,
                1.9207314462037246,
                -5.150292581122901,
                1.0333775966000776,
                3.3794890658604633,
                -0.8628160319015441,
                0.17399512689159513
            ],
            [
                0.5174656311563092,
                -1.875218411336171,
                3.977574380538379,
                -8.026515554176692,
                2.5401204682700573,
                3.4401032600661563,
                -0.5735297745180391
            ],
            [
                -0.81080032956814,
                2.8621437476368556,
                -5.65085173700802,
                9.077964959500312,
                -14.879109140648998,
                5.933465530828108,
                3.467186969259881
            ],
            [
                2.542210907580529,
                -8.885806285788014,
                17.10993490773683,
                -25.771615659029372,
                34.13494764473481,
                -47.415468192370945,
                28.28579667713616
            ]
        ],
        "H": [
            0.08615585307868634,
            0.17469532195358836,
            0.2144789892533017,
            0.2056822308473224,
            0.1643887464243728,
            0.10789750946222844,
            0.04670134898049999
        ],
        "tL": [
            1.5593614311622885,
            -0.9152181484055882,
            0.5635450390627533,
            -0.305909990246333,
            0.13315619601938652,
            -0.04424036294837823,
            0.009305835355871052
        ],
        "tR": [
            0.07235975720091141,
            -0.25242791032246953,
            0.4837299117005869,
            -0.720191461269299,
            0.9235069093569167,
            -1.1324175538318313,
            1.6254403471651848
        ]
    },
    "exp_p4_alpha80.0_div16_optTrue_sequential_open_v5": {
        "basis": [
            "P_0(x)",
            "P_1(x)",
            "P_2(x)",
            "P_3(x)",
            "P_4(x)",
            "exp((80.0/16)x)"
        ],
        "quad_basis": [
            "P_0(x)",
            "P_1(x)",
            "P_2(x)",
            "P_3(x)",
            "P_4(x)",
            "P_5(x)",
            "P_6(x)",
            "P_7(x)",
            "x^0 exp((80.0/16)x)",
            "x^1 exp((80.0/16)x)",
            "x^2 exp((80.0/16)x)",
            "x^3 exp((80.0/16)x)",
            "x^4 exp((80.0/16)x)",
            "exp(2 * (80.0/16)x)"
        ],
        "op_type": "open",
        "selector": 0,
        "interval": [
            0.0,
            1.0
        ],
        "nodes": [
            0.029728398692454316,
            0.14848741006208183,
            0.3322520093939827,
            0.5412913726672035,
            0.7367170086287141,
            0.8886651104002525,
            0.9784559375892619
        ],
        "D": [
            [
                -16.019711554568037,
                24.53694482587288,
                -13.430513854350943,
                7.508726252046809,
                -3.760632874173369,
                1.5462902245990178,
                -0.38110301942635827
            ],
            [
                -2.8779595882102336,
                -2.4640412572750496,
                7.647681982296532,
                -3.4249873452797415,
                1.6105585578176278,
                -0.6519321324816634,
                0.16067978313252798
            ],
            [
                0.790091656160485,
                -3.828261224057043,
                -0.3856881558692303,
                4.660868886065974,
                -1.7365710337241533,
                0.6595097174571967,
                -0.1599498460332292
            ],
            [
                -0.4625889060824029,
                1.7843418808990574,
                -4.823004957750027,
                0.604269088651522,
                3.774322522212235,
                -1.1359482945369974,
                0.25860866660661286
            ],
            [
                0.43203991656884716,
                -1.5464326349380833,
                3.268228532077195,
                -6.810170076092678,
                1.7241925310535455,
                3.586343139746156,
                -0.6542014084149819
            ],
            [
                -0.6224077825580248,
                2.1596799171890093,
                -4.205812438113803,
                6.855075336128548,
                -11.927495048058818,
                4.481364361698101,
                3.2595956537149866
            ],
            [
                1.8671637741998957,
                -6.396533883740849,
                12.077213100968665,
                -18.273634744773133,
                25.32893808233775,
                -37.87976253715368,
                23.27661620816135
            ]
        ],
        "H": [
            0.07532913841325328,
            0.15735072772498887,
            0.203330073785197,
            0.20812730784488134,
            0.17771806904287837,
            0.12309726946533388,
            0.055047413723467296
        ],
        "tL": [
            1.5548025896554292,
            -0.9061304506655251,
            0.5634937058039042,
            -0.32592196914913135,
            0.16498791595880496,
            -0.06796522013497112,
            0.016733428531489253
        ],
        "tR": [
            0.06252163409837988,
            -0.21362355598120863,
            0.40085053835398887,
            -0.5981261800355254,
            0.8000383409352381,
            -1.0525714721369686,
            1.6009106947660958
        ]
    },
    "exp_p4_alpha80.0_div32_optTrue_sequential_open_v5": {
        "basis": [
            "P_0(x)",
            "P_1(x)",
            "P_2(x)",
            "P_3(x)",
            "P_4(x)",
            "exp((80.0/32)x)"
        ],
        "quad_basis": [
            "P_0(x)",
            "P_1(x)",
            "P_2(x)",
            "P_3(x)",
            "P_4(x)",
            "P_5(x)",
            "P_6(x)",
            "P_7(x)",
            "x^0 exp((80.0/32)x)",
            "x^1 exp((80.0/32)x)",
            "x^2 exp((80.0/32)x)",
            "x^3 exp((80.0/32)x)",
            "x^4 exp((80.0/32)x)",
            "exp(2 * (80.0/32)x)"
        ],
        "op_type": "open",
        "selector": 0,
        "interval": [
            0.0,
            1.0
        ],
        "nodes": [
            0.027555643563835906,
            0.1387605735915778,
            0.31461264577614406,
            0.5207853715107068,
            0.7201095960163494,
            0.8799492621626227,
            0.9765670430021004
        ],
        "D": [
            [
                -17.35365536090603,
                26.790942314381724,
                -15.155322288473132,
                9.001700109600526,
                -4.9273769624828425,
                2.2374431403770556,
                -0.5937309524973027
            ],
            [
                -3.005498532046064,
                -2.757051203887666,
                8.368061093234186,
                -3.9746088416956233,
                2.034292568950563,
                -0.9035888674535089,
                0.2383937828981136
            ],
            [
                0.7787097076681334,
                -3.825057373017761,
                -0.6124711106609091,
                5.076667786490461,
                -2.0444535404744704,
                0.8439913839426955,
                -0.21738685394814902
            ],
            [
                -0.42090752350884103,
                1.644242280086812,
                -4.573374021427454,
                0.30926744512409865,
                4.034030953457265,
                -1.3068138114703203,
                0.3135546777384394
            ],
            [
                0.3606052194125793,
                -1.305428192429142,
                2.830683083770113,
                -6.16932781880289,
                1.2986905073130754,
                3.6898208259231393,
                -0.7050436251868749
            ],
            [
                -0.48277060811386796,
                1.6921071484242998,
                -3.372345734779569,
                5.72482686573121,
                -10.538008393029815,
                3.7893144551619877,
                3.1868762666057555
            ],
            [
                1.3841896550009951,
                -4.786065263611696,
                9.233009114483226,
                -14.51304366907721,
                21.21062020127481,
                -33.53925622585606,
                21.01054618778593
            ]
        ],
        "H": [
            0.06996336897287832,
            0.14856809541943258,
            0.19725896809900698,
            0.20876484486591465,
            0.18437296994762592,
            0.13132411311996908,
            0.05974763957517247
        ],
        "tL": [
            1.5590820973086084,
            -0.9213570987936243,
            0.592147706065467,
            -0.3639802470888237,
            0.20157007729832177,
            -0.09184750221053073,
            0.024384967420581764
        ],
        "tR": [
            0.049965989049916254,
            -0.17227655332782763,
            0.33016369764065123,
            -0.5114782113420488,
            0.7207755183233215,
            -1.0018446406384411,
            1.5846942002944286
        ]
    },
    "exp_p4_alpha80.0_div64_optTrue_sequential_open_v5": {
        "basis": [
            "P_0(x)",
            "P_1(x)",
            "P_2(x)",
            "P_3(x)",
            "P_4(x)",
            "exp((80.0/64)x)"
        ],
        "quad_basis": [
            "P_0(x)",
            "P_1(x)",
            "P_2(x)",
            "P_3(x)",
            "P_4(x)",
            "P_5(x)",
            "P_6(x)",
            "P_7(x)",
            "x^0 exp((80.0/64)x)",
            "x^1 exp((80.0/64)x)",
            "x^2 exp((80.0/64)x)",
            "x^3 exp((80.0/64)x)",
            "x^4 exp((80.0/64)x)",
            "exp(2 * (80.0/64)x)"
        ],
        "op_type": "open",
        "selector": 0,
        "interval": [
            0.0,
            1.0
        ],
        "nodes": [
            0.026490772285576662,
            0.13396335174448154,
            0.3058168604897923,
            0.5104106369762561,
            0.711574766109825,
            0.875408654995363,
            0.9755744668067896
        ],
        "D": [
            [
                -18.140111142566003,
                28.186678575083416,
                -16.326956291155515,
                10.046060469821619,
                -5.744572464521807,
                2.7241463351570117,
                -0.7452454818187259
            ],
            [
                -3.060221224099247,
                -2.958166569038524,
                8.816921613051791,
                -4.327949801100983,
                2.305776759069772,
                -1.0651044708560706,
                0.28874369297326125
            ],
            [
                0.7661799325574651,
                -3.80616257103913,
                -0.7560225396464973,
                5.317826681232135,
                -2.2205911900587854,
                0.9490910455976708,
                -0.25032135864285815
            ],
            [
                -0.39601212396084834,
                1.564222726950549,
                -4.440150013538045,
                0.15526723951463198,
                4.169008422939783,
                -1.3940486889581234,
                0.3417124370520532
            ],
            [
                0.3227991018787129,
                -1.1819006931770455,
                2.6158992846309856,
                -5.865983277476276,
                1.100971498945331,
                3.7368643746193757,
                -0.7286502894210842
            ],
            [
                -0.4126853261272512,
                1.4637606248953263,
                -2.9797745524385952,
                5.2073778283841605,
                -9.905789083389553,
                3.4774730694614697,
                3.149637439214443
            ],
            [
                1.1469267392511637,
                -4.015050909073542,
                7.917009446267624,
                -12.81934157551344,
                19.36992652944546,
                -31.572210280843777,
                19.97274005046651
            ]
        ],
        "H": [
            0.06732955096077439,
            0.14419460340757667,
            0.19411685180776336,
            0.2089258022136205,
            0.18766350546572377,
            0.13555756230350138,
            0.062212123841039926
        ],
        "tL": [
            1.5635113812627952,
            -0.9356770074763027,
            0.6159995067433112,
            -0.39252264830080313,
            0.2273239973298559,
            -0.10831046599556587,
            0.029675236436709343
        ],
        "tR": [
            0.04285748619875073,
            -0.14962670833673192,
            0.29315859483260365,
            -0.46792381278927625,
            0.6818361544989314,
            -0.9769988237396806,
            1.576697109335403
        ]
    },
    "exp_p4_alpha80.0_div80_optTrue_sequential_open_v5": {
        "basis": [
            "P_0(x)",
            "P_1(x)",
            "P_2(x)",
            "P_3(x)",
            "P_4(x)",
            "exp((80.0/80)x)"
        ],
        "quad_basis": [
            "P_0(x)",
            "P_1(x)",
            "P_2(x)",
            "P_3(x)",
            "P_4(x)",
            "P_5(x)",
            "P_6(x)",
            "P_7(x)",
            "x^0 exp((80.0/80)x)",
            "x^1 exp((80.0/80)x)",
            "x^2 exp((80.0/80)x)",
            "x^3 exp((80.0/80)x)",
            "x^4 exp((80.0/80)x)",
            "exp(2 * (80.0/80)x)"
        ],
        "op_type": "open",
        "selector": 0,
        "interval": [
            0.0,
            1.0
        ],
        "nodes": [
            0.026280080523869438,
            0.13301152683853365,
            0.30406347426569874,
            0.5083302439904204,
            0.709852773390599,
            0.8744877279139527,
            0.9753724865655504
        ],
        "D": [
            [
                -18.307752065818004,
                28.489465727661596,
                -16.589024358077385,
                10.282031796428027,
                -5.929471553606377,
                2.834369862403718,
                -0.7796194089915743
            ],
            [
                -3.070346070827482,
                -3.003088489770117,
                8.914308095925158,
                -4.405477910849225,
                2.3653239705337263,
                -1.100508953875296,
                0.299789358863235
            ],
            [
                0.7631497767726292,
                -3.801068280509332,
                -0.7870826389343194,
                5.36870302864708,
                -2.2575759934555304,
                0.9710819080599211,
                -0.25720780058044823
            ],
            [
                -0.39081028288028863,
                1.5477111657803628,
                -4.413215363760579,
                0.12429156590048826,
                4.196130377085547,
                -1.4114113185438721,
                0.3473038564183417
            ],
            [
                0.31528206718959184,
                -1.1575561183532972,
                2.5740717100797443,
                -5.807447854347723,
                1.0632591430837492,
                3.7454412506049817,
                -0.7330501982570469
            ],
            [
                -0.39912844854295615,
                1.4199075580106406,
                -2.9050774024014188,
                5.109525236020482,
                -9.78586005977799,
                3.4188946283445385,
                3.1417384883467045
            ],
            [
                1.101649431607218,
                -3.868880207662298,
                7.669598525682463,
                -12.502688736325501,
                19.02518982393385,
                -31.199194778896917,
                19.774325941661186
            ]
        ],
        "H": [
            0.06680806959919161,
            0.14332320944218346,
            0.19348095622517297,
            0.20894515861316615,
            0.1883172779262772,
            0.1364121228675599,
            0.0627132053264487
        ],
        "tL": [
            1.564585713245595,
            -0.9390916928302464,
            0.6215543127389307,
            -0.3990241934888171,
            0.23310345232113405,
            -0.11198096115929146,
            0.030853369172695263
        ],
        "tR": [
            0.041440386779088983,
            -0.14515042665218783,
            0.2859348885076375,
            -0.45952208749102974,
            0.6743866506652891,
            -0.9722638962175395,
            1.5751744844087414
        ]
    },
    "exp_p4_alpha80.0_div100_optTrue_sequential_open_v5": {
        "basis": [
            "P_0(x)",
            "P_1(x)",
            "P_2(x)",
            "P_3(x)",
            "P_4(x)",
            "exp((80.0/100)x)"
        ],
        "quad_basis": [
            "P_0(x)",
            "P_1(x)",
            "P_2(x)",
            "P_3(x)",
            "P_4(x)",
            "P_5(x)",
            "P_6(x)",
            "P_7(x)",
            "x^0 exp((80.0/100)x)",
            "x^1 exp((80.0/100)x)",
            "x^2 exp((80.0/100)x)",
            "x^3 exp((80.0/100)x)",
            "x^4 exp((80.0/100)x)",
            "exp(2 * (80.0/100)x)"
        ],
        "op_type": "open",
        "selector": 0,
        "interval": [
            0.0,
            1.0
        ],
        "nodes": [
            0.02611213038478921,
            0.13225213084621817,
            0.30266255424236416,
            0.50666508421999,
            0.7084719540506809,
            0.8737481182317348,
            0.9752101158695271
        ],
        "D": [
            [
                -18.44439236442211,
                28.737492355890673,
                -16.805524362003446,
                10.47752440892658,
                -6.082703761547142,
                2.9257124688609455,
                -0.8081087457054985
            ],
            [
                -3.0782449447792564,
                -3.04017296557826,
                8.994082045930288,
                -4.46919140668973,
                2.4142544633076577,
                -1.1295871088582135,
                0.308859916667515
            ],
            [
                0.7606020435825264,
                -3.796680950738431,
                -0.8124967185350288,
                5.41004724535926,
                -2.2875898961114336,
                0.9889033528777477,
                -0.26278507643464044
            ],
            [
                -0.38660289132001485,
                1.5343988424818769,
                -4.3916173840229575,
                0.09948212617943407,
                4.217845569606179,
                -1.4252666152916136,
                0.35176035236709646
            ],
            [
                0.3092954831153941,
                -1.1382106060896582,
                2.5409328382638963,
                -5.7611769805996556,
                1.0335681558013938,
                3.7520707658851653,
                -0.7364796563765356
            ],
            [
                -0.38843293978508764,
                1.385368973587013,
                -2.84637363443096,
                5.032724698209751,
                -9.691590870042148,
                3.3730235774048847,
                3.1352801950565485
            ],
            [
                1.0661057308786914,
                -3.7543040146201703,
                7.47602776081283,
                -12.255214056439451,
                18.75548282769733,
                -30.90601332418327,
                19.617915075854036
            ]
        ],
        "H": [
            0.0663922871040521,
            0.14262708507429875,
            0.19297056941387677,
            0.20895755135493987,
            0.1888391134286679,
            0.13709747071454448,
            0.06311592290962012
        ],
        "tL": [
            1.565489087482369,
            -0.9419519253049056,
            0.6261817977174937,
            -0.4044117027249108,
            0.23787424442981228,
            -0.11500475574035345,
            0.03182325414049484
        ],
        "tR": [
            0.040314964831712895,
            -0.14160301261410804,
            0.2802280052876415,
            -0.452906070042053,
            0.668535971045935,
            -0.9685515453956834,
            1.5739816868865553
        ]
    },
    "exp_p4_alpha80.0_div8_optFalse_sequential_open_v5": {
        "basis": [
            "P_0(x)",
            "P_1(x)",
            "P_2(x)",
            "P_3(x)",
            "P_4(x)",
            "exp((80.0/8)x)"
        ],
        "quad_basis": [
            "P_0(x)",
            "P_1(x)",
            "P_2(x)",
            "P_3(x)",
            "P_4(x)",
            "P_5(x)",
            "P_6(x)",
            "P_7(x)",
            "x^0 exp((80.0/8)x)",
            "x^1 exp((80.0/8)x)",
            "x^2 exp((80.0/8)x)",
            "x^3 exp((80.0/8)x)",
            "x^4 exp((80.0/8)x)",
            "exp(2 * (80.0/8)x)"
        ],
        "op_type": "open",
        "selector": 0,
        "interval": [
            0.0,
            1.0
        ],
        "nodes": [
            0.0341212993808258,
            0.16797987727094596,
            0.36696965568858475,
            0.5805563909929897,
            0.7675010974791951,
            0.9043569594148959,
            0.9817945573863437
        ],
        "D": [
            [
                -12.642722395509377,
                16.803817140255404,
                -3.4128037278956436,
                -3.992868033997031,
                6.300572637337374,
                -4.440051109955791,
                1.384055489765064
            ],
            [
                -2.9880809196610825,
                -0.8639673141463047,
                4.445253293142904,
                0.030358021080463517,
                -1.3919611203244608,
                1.1349604694939048,
                -0.3665624295854244
            ],
            [
                0.9130996227810303,
                -4.20229758944908,
                0.695467499701602,
                3.030384064511907,
                -0.35488119356546466,
                -0.166280851419802,
                0.08450844743980758
            ],
            [
                -0.43061215218074106,
                1.7083197454052086,
                -4.78318713180653,
                0.5847055868554513,
                3.7756391296003793,
                -1.09836152016238,
                0.24349634228861172
            ],
            [
                0.06406080128634557,
                -0.3673936703454742,
                1.3716412942213256,
                -4.841574449992034,
                -0.271988586958884,
                5.112145400368549,
                -1.0668907885798284
            ],
            [
                0.6042068409519632,
                -1.843546796068566,
                2.4818671052058203,
                -0.8617494043674722,
                -6.10294661371984,
                0.7152775847089186,
                5.006891283289176
            ],
            [
                -3.4337298956264806,
                10.987540445775483,
                -17.236637592197848,
                16.20636570867452,
                -2.9290537489649693,
                -25.3777125430093,
                21.783227625348594
            ]
        ],
        "H": [
            0.08615585307868634,
            0.17469532195358836,
            0.2144789892533017,
            0.2056822308473224,
            0.1643887464243728,
            0.10789750946222844,
            0.04670134898049999
        ],
        "tL": [
            1.479964100227623,
            -0.6511775999485949,
            0.10721083612263473,
            0.25181636421022113,
            -0.3592822134841411,
            0.24855687784936564,
            -0.0770883649771085
        ],
        "tR": [
            -0.10864930519018985,
            0.34952849736535196,
            -0.5566152137438892,
            0.5513062490764084,
            -0.19914814390862148,
            -0.46490199123549186,
            1.428479907636432
        ]
    },
    "exp_p4_alpha80.0_div16_optFalse_sequential_open_v5": {
        "basis": [
            "P_0(x)",
            "P_1(x)",
            "P_2(x)",
            "P_3(x)",
            "P_4(x)",
            "exp((80.0/16)x)"
        ],
        "quad_basis": [
            "P_0(x)",
            "P_1(x)",
            "P_2(x)",
            "P_3(x)",
            "P_4(x)",
            "P_5(x)",
            "P_6(x)",
            "P_7(x)",
            "x^0 exp((80.0/16)x)",
            "x^1 exp((80.0/16)x)",
            "x^2 exp((80.0/16)x)",
            "x^3 exp((80.0/16)x)",
            "x^4 exp((80.0/16)x)",
            "exp(2 * (80.0/16)x)"
        ],
        "op_type": "open",
        "selector": 0,
        "interval": [
            0.0,
            1.0
        ],
        "nodes": [
            0.029728398692454316,
            0.14848741006208183,
            0.3322520093939827,
            0.5412913726672035,
            0.7367170086287141,
            0.8886651104002525,
            0.9784559375892619
        ],
        "D": [
            [
                -13.800375533901173,
                17.462187799737553,
                -1.9129005397970358,
                -5.8696373423293435,
                7.893175296421719,
                -5.637952555413194,
                1.8655028752814746
            ],
            [
                -3.4585624323302575,
                -0.6132065875443974,
                4.6345469790196026,
                0.0749405071202791,
                -1.4382065258237275,
                1.227545221141644,
                -0.42705716158314366
            ],
            [
                0.9895136665613518,
                -4.463974904234968,
                0.649245527367241,
                3.458734491355164,
                -0.6893993424775983,
                0.013958018635378823,
                0.04192254279343102
            ],
            [
                -0.4055167130028661,
                1.602408232624796,
                -4.5268193216938215,
                0.2602326097063213,
                4.074010529720099,
                -1.3206974660247481,
                0.31638212867021864
            ],
            [
                0.02456980985031509,
                -0.24750720246533858,
                1.1535946583774863,
                -4.35390243984633,
                -0.41544671903298863,
                4.90537015728801,
                -1.0666782641711543
            ],
            [
                0.5708693446402966,
                -1.6442261435237868,
                1.9868976338122726,
                -0.33810998049372304,
                -5.661556674945987,
                0.6185907637404962,
                4.467535056770432
            ],
            [
                -3.0480967123608833,
                9.272239721858668,
                -13.43134851265414,
                11.35601184228195,
                -0.4812602316937179,
                -21.968506047096376,
                18.3009599396645
            ]
        ],
        "H": [
            0.07532913841325328,
            0.15735072772498887,
            0.203330073785197,
            0.20812730784488134,
            0.17771806904287837,
            0.12309726946533388,
            0.055047413723467296
        ],
        "tL": [
            1.44640073966469,
            -0.5605691013581737,
            0.000924280016611641,
            0.32753444753326133,
            -0.404233848283144,
            0.28294388100327195,
            -0.09300039857651725
        ],
        "tR": [
            -0.11372907370734682,
            0.34822508784660305,
            -0.5138318170978998,
            0.4643294512134326,
            -0.12546006019572906,
            -0.4820279117053854,
            1.4224943236463254
        ]
    },
    "exp_p4_alpha80.0_div32_optFalse_sequential_open_v5": {
        "basis": [
            "P_0(x)",
            "P_1(x)",
            "P_2(x)",
            "P_3(x)",
            "P_4(x)",
            "exp((80.0/32)x)"
        ],
        "quad_basis": [
            "P_0(x)",
            "P_1(x)",
            "P_2(x)",
            "P_3(x)",
            "P_4(x)",
            "P_5(x)",
            "P_6(x)",
            "P_7(x)",
            "x^0 exp((80.0/32)x)",
            "x^1 exp((80.0/32)x)",
            "x^2 exp((80.0/32)x)",
            "x^3 exp((80.0/32)x)",
            "x^4 exp((80.0/32)x)",
            "exp(2 * (80.0/32)x)"
        ],
        "op_type": "open",
        "selector": 0,
        "interval": [
            0.0,
            1.0
        ],
        "nodes": [
            0.027555643563835906,
            0.1387605735915778,
            0.31461264577614406,
            0.5207853715107068,
            0.7201095960163494,
            0.8799492621626227,
            0.9765670430021004
        ],
        "D": [
            [
                -14.604071811935693,
                18.140575388332064,
                -1.3084308439331023,
                -6.899087107223503,
                8.941155687577826,
                -6.430366570929823,
                2.160225258112232
            ],
            [
                -3.7061863312805152,
                -0.5526422612119537,
                4.83940021797311,
                0.07745482635476371,
                -1.49988322462413,
                1.3052650926572895,
                -0.4634083198685644
            ],
            [
                1.0186090130728116,
                -4.579796038017427,
                0.5956608047351901,
                3.689334853787921,
                -0.8344334445302785,
                0.08773084772398695,
                0.022893963227796067
            ],
            [
                -0.38895660291126744,
                1.5437226261568227,
                -4.412469316701024,
                0.124495903996021,
                4.195187134971692,
                -1.4075361553847483,
                0.34555640987250424
            ],
            [
                0.008850316053997092,
                -0.19878461244833082,
                1.0592468371010693,
                -4.135136178081933,
                -0.47551430412983264,
                4.798695865735297,
                -1.0573579242302666
            ],
            [
                0.5390778666354104,
                -1.522693963080612,
                1.7736789815527456,
                -0.18450262924234562,
                -5.383940992247601,
                0.5680309497988707,
                4.210349786583532
            ],
            [
                -2.7757003426063656,
                8.301216577590418,
                -11.716179805296166,
                9.5435178135224,
                0.22868994711582177,
                -20.425584909073507,
                16.844040718747397
            ]
        ],
        "H": [
            0.06996336897287832,
            0.14856809541943258,
            0.19725896809900698,
            0.20876484486591465,
            0.18437296994762592,
            0.13132411311996908,
            0.05974763957517247
        ],
        "tL": [
            1.4339033190878048,
            -0.5275366006421689,
            -0.03825210623800645,
            0.3599261485893084,
            -0.4298149822682557,
            0.30276710403343343,
            -0.10099288256211562
        ],
        "tR": [
            -0.1121543540005743,
            0.3377644869195075,
            -0.4862736832174029,
            0.4260605222344299,
            -0.09693786655517639,
            -0.49077514270677225,
            1.4223160373259884
        ]
    },
    "exp_p4_alpha80.0_div64_optFalse_sequential_open_v5": {
        "basis": [
            "P_0(x)",
            "P_1(x)",
            "P_2(x)",
            "P_3(x)",
            "P_4(x)",
            "exp((80.0/64)x)"
        ],
        "quad_basis": [
            "P_0(x)",
            "P_1(x)",
            "P_2(x)",
            "P_3(x)",
            "P_4(x)",
            "P_5(x)",
            "P_6(x)",
            "P_7(x)",
            "x^0 exp((80.0/64)x)",
            "x^1 exp((80.0/64)x)",
            "x^2 exp((80.0/64)x)",
            "x^3 exp((80.0/64)x)",
            "x^4 exp((80.0/64)x)",
