{
    "poly_p3_open": {
        "basis": [
            "P_0(x)",
            "P_1(x)",
            "P_2(x)",
            "P_3(x)"
        ],
        "quad_basis": [
            "P_0(x)",
            "P_1(x)",
            "P_2(x)",
            "P_3(x)",
            "P_4(x)",
            "P_5(x)",
            "P_6(x)",
            "P_7(x)"
        ],
        "op_type": "open",
        "interval": [
            0.0,
            1.0
        ],
        "nodes": [
            0.06943184420297371,
            0.33000947820757187,
            0.6699905217924281,
            0.9305681557970263
        ],
        "D": [
            [
                -6.664000472704563,
                9.720308831370392,
                -4.217564696990358,
                1.161256338324529
            ],
            [
                -1.5151152295984678,
                -0.7688287844464172,
                2.9413404625614334,
                -0.6573964485165485
            ],
            [
                0.6573964485165485,
                -2.9413404625614334,
                0.7688287844464172,
                1.5151152295984678
            ],
            [
                -1.161256338324529,
                4.217564696990358,
                -9.720308831370392,
                6.664000472704563
            ]
        ],
        "H": [
            0.17392742256872692,
            0.32607257743127305,
            0.32607257743127305,
            0.17392742256872692
        ],
        "tL": [
            1.5267881254572668,
            -0.8136324494869273,
            0.4007615203116504,
            -0.11391719628198993
        ],
        "tR": [
            -0.11391719628198993,
            0.4007615203116504,
            -0.8136324494869273,
            1.5267881254572668
        ]
    },
    "poly_p4_open": {
        "basis": [
            "P_0(x)",
            "P_1(x)",
            "P_2(x)",
            "P_3(x)",
            "P_4(x)"
        ],
        "quad_basis": [
            "P_0(x)",
            "P_1(x)",
            "P_2(x)",
            "P_3(x)",
            "P_4(x)",
            "P_5(x)",
            "P_6(x)",
            "P_7(x)",
            "P_8(x)",
            "P_9(x)"
        ],
        "op_type": "open",
        "interval": [
            0.0,
            1.0
        ],
        "nodes": [
            0.046910077030668004,
            0.23076534494715845,
            0.5,
            0.7692346550528415,
            0.953089922969332
        ],
        "D": [
            [
                -10.134081191309084,
                15.403904170344488,
                -8.08708750877533,
                3.9207982316665575,
                -1.1035337019266331
            ],
            [
                -1.9205120472639154,
                -1.5167064343357508,
                4.805501304328599,
                -1.8571160532876687,
                0.48883323055873584
            ],
            [
                0.6023363194556628,
                -2.8707764846694825,
                -7.201236915886367e-42,
                2.8707764846694825,
                -0.6023363194556628
            ],
            [
                -0.48883323055873584,
                1.8571160532876687,
                -4.805501304328599,
                1.5167064343357508,
                1.9205120472639154
            ],
            [
                1.1035337019266331,
                -3.9207982316665575,
                8.08708750877533,
                -15.403904170344488,
                10.134081191309084
            ]
        ],
        "H": [
            0.11846344252809454,
            0.23931433524968324,
            0.28444444444444444,
            0.23931433524968324,
            0.11846344252809454
        ],
        "tL": [
            1.551408049094313,
            -0.8931583920000717,
            0.5333333333333333,
            -0.2679416522233875,
            0.0763586617958129
        ],
        "tR": [
            0.0763586617958129,
            -0.2679416522233875,
            0.5333333333333333,
            -0.8931583920000717,
            1.551408049094313
        ]
    },
    "poly_p5_open": {
        "basis": [
            "P_0(x)",
            "P_1(x)",
            "P_2(x)",
            "P_3(x)",
            "P_4(x)",
            "P_5(x)"
        ],
        "quad_basis": [
            "P_0(x)",
            "P_1(x)",
            "P_2(x)",
            "P_3(x)",
            "P_4(x)",
            "P_5(x)",
            "P_6(x)",
            "P_7(x)",
            "P_8(x)",
            "P_9(x)",
            "P_10(x)",
            "P_11(x)"
        ],
        "op_type": "open",
        "interval": [
            0.0,
            1.0
        ],
        "nodes": [
            0.03376524289842399,
            0.16939530676686773,
            0.38069040695840156,
            0.6193095930415985,
            0.8306046932331322,
            0.966234757101576
        ],
        "D": [
            [
                -14.290654263543217,
                22.218567389788113,
                -12.80563336161772,
                7.587122057936119,
                -3.7818229417186564,
                1.072421119155361
            ],
            [
                -2.4466509445028177,
                -2.349704562068192,
                6.977107593694118,
                -3.276687789274829,
                1.5123802239776898,
                -0.4164445218259688
            ],
            [
                0.6488246362813404,
                -3.2103008033638982,
                -0.5060525574186553,
                4.1907778515820615,
                -1.5076667947315057,
                0.3844176676506578
            ],
            [
                -0.3844176676506578,
                1.5076667947315057,
                -4.1907778515820615,
                0.5060525574186553,
                3.2103008033638982,
                -0.6488246362813404
            ],
            [
                0.4164445218259688,
                -1.5123802239776898,
                3.276687789274829,
                -6.977107593694118,
                2.349704562068192,
                2.4466509445028177
            ],
            [
                -1.072421119155361,
                3.7818229417186564,
                -7.587122057936119,
                12.80563336161772,
                -22.218567389788113,
                14.290654263543217
            ]
        ],
        "H": [
            0.08566224618958518,
            0.1803807865240693,
            0.23395696728634552,
            0.23395696728634552,
            0.1803807865240693,
            0.08566224618958518
        ],
        "tL": [
            1.565673200151072,
            -0.940462843176349,
            0.6169300554304887,
            -0.37922770211461376,
            0.19180001403866795,
            -0.05471272432926591
        ],
        "tR": [
            -0.05471272432926591,
            0.19180001403866795,
            -0.37922770211461376,
            0.6169300554304887,
            -0.940462843176349,
            1.565673200151072
        ]
    },
    "poly_p4_closed": {
        "basis": [
            "P_0(x)",
            "P_1(x)",
            "P_2(x)",
            "P_3(x)",
            "P_4(x)"
        ],
        "quad_basis": [
            "P_0(x)",
            "P_1(x)",
            "P_2(x)",
            "P_3(x)",
            "P_4(x)",
            "P_5(x)",
            "P_6(x)",
            "P_7(x)"
        ],
        "op_type": "closed",
        "interval": [
            0.0,
            1.0
        ],
        "nodes": [
            0.0,
            0.17267316464601143,
            0.5,
            0.8273268353539885,
            1.0
        ],
        "D": [
            [
                -10.0,
                13.51300497744848,
                -5.333333333333333,
                2.8203283558848535,
                -1.0
            ],
            [
                -2.4819805060619657,
                1.808011330610452e-41,
                3.4914862437758782,
                -1.5275252316519468,
                0.5180194939380343
            ],
            [
                0.75,
                -2.6731691553909065,
                -0.0,
                2.6731691553909065,
                -0.75
            ],
            [
                -0.5180194939380343,
                1.5275252316519468,
                -3.4914862437758782,
                -8.767564846412937e-42,
                2.4819805060619657
            ],
            [
                1.0,
                -2.8203283558848535,
                5.333333333333333,
                -13.51300497744848,
                10.0
            ]
        ],
        "H": [
            0.05,
            0.2722222222222222,
            0.35555555555555557,
            0.2722222222222222,
            0.05
        ],
        "tL": [
            1.0,
            0.0,
            0.0,
            0.0,
            0.0
        ],
        "tR": [
            0.0,
            0.0,
            0.0,
            0.0,
            1.0
        ]
    },
    "poly_p4_half-open-right": {
        "basis": [
            "P_0(x)",
            "P_1(x)",
            "P_2(x)",
            "P_3(x)",
            "P_4(x)"
        ],
        "quad_basis": [
            "P_0(x)",
            "P_1(x)",
            "P_2(x)",
            "P_3(x)",
            "P_4(x)",
            "P_5(x)",
            "P_6(x)",
            "P_7(x)",
            "P_8(x)"
        ],
        "op_type": "half-open-right",
        "interval": [
            0.0,
            1.0
        ],
        "nodes": [
            0.0,
            0.13975986434378054,
            0.41640956763108317,
            0.7231569863618762,
            0.9428958038854823
        ],
        "D": [
            [
                -12.0,
                15.672957886849387,
                -5.1222398733515355,
                1.929666709164796,
                -0.4803847226626474
            ],
            [
                -3.266510755320855,
                0.5812330525808164,
                3.5197917271527355,
                -1.0919862533645905,
                0.257472228951894
            ],
            [
                1.1258970687151324,
                -3.712125207710328,
                0.8567652453971776,
                2.132815860990614,
                -0.40335296739259596
            ],
            [
                -0.9909517822754091,
                2.690631758796216,
                -4.982930209745179,
                1.8060777240836443,
                1.4771725091407277
            ],
            [
                2.3414420120910084,
                -6.0213169205854165,
                8.944183477123811,
                -14.020232546567765,
                8.755923977938362
            ]
        ],
        "H": [
            0.04,
            0.22310390108357075,
            0.31182652297574126,
            0.28135601514946207,
            0.14371356079122594
        ],
        "tL": [
            1.0,
            0.0,
            0.0,
            0.0,
            0.0
        ],
        "tR": [
            0.2,
            -0.5092648848477427,
            0.7309748661597875,
            -1.008117881498373,
            1.5864079001863283
        ]
    },
    "sqrt_p3_k1_open_optTrue_simultaneous_v9": {
        "basis": [
            "P_0(x)",
            "P_1(x)",
            "P_2(x)",
            "P_3(x)",
            "sqrt(1-x)"
        ],
        "quad_basis": [
            "P_0(x)",
            "P_1(x)",
            "P_2(x)",
            "P_3(x)",
            "P_4(x)",
            "P_5(x)",
            "x^0/sqrt(1-x)",
            "x^1/sqrt(1-x)",
            "x^2/sqrt(1-x)",
            "x^3/sqrt(1-x)"
        ],
        "op_type": "open",
        "interval": [
            0.0,
            1.0
        ],
        "nodes": [
            0.08698999471797185,
            0.39331358559479357,
            0.736171464011809,
            0.9421873911272544,
            0.9975653442848257
        ],
        "D": [
            [
                -6.040592988022477,
                9.92583896988116,
                -6.570233352119585,
                3.975015241503876,
                -1.2900278712429742
            ],
            [
                -1.075087191989567,
                -1.6139567490471063,
                4.073248434980072,
                -1.9960671659135298,
                0.6118626719701313
            ],
            [
                0.3685408076948325,
                -2.1120138186807855,
                -1.0015416141073463,
                3.65489742298086,
                -0.909882797887561
            ],
            [
                -0.42191587219829885,
                1.9760577349843786,
                -7.0972879897626955,
                0.8186918376626318,
                4.724454289313984
            ],
            [
                3.250829227018724,
                -14.579633082899713,
                43.81209145218414,
                -119.22738634187263,
                86.74409874556947
            ]
        ],
        "H": [
            0.2152433397196586,
            0.3618200986906396,
            0.2921987930123737,
            0.11847057039426105,
            0.012267198183067056
        ],
        "tL": [
            1.6127121105121383,
            -1.0848000613555735,
            0.8137630837203723,
            -0.508341191138051,
            0.16666605826111405
        ],
        "tR": [
            0.021107679509977023,
            -0.09416577229418543,
            0.277329866473893,
            -0.6726013266249837,
            1.468329552935299
        ]
    },
    "sqrt_p3_k2_open_optTrue_simultaneous_v9": {
        "basis": [
            "P_0(x)",
            "P_1(x)",
            "P_2(x)",
            "P_3(x)",
            "sqrt(2-x)"
        ],
        "quad_basis": [
            "P_0(x)",
            "P_1(x)",
            "P_2(x)",
            "P_3(x)",
            "P_4(x)",
            "P_5(x)",
            "x^0/sqrt(2-x)",
            "x^1/sqrt(2-x)",
            "x^2/sqrt(2-x)",
            "x^3/sqrt(2-x)"
        ],
        "op_type": "open",
        "interval": [
            0.0,
            1.0
        ],
        "nodes": [
            0.05409772753686741,
            0.2594068915082992,
            0.5405526099312045,
            0.7981825366195615,
            0.9604074042430535
        ],
        "D": [
            [
                -8.98751077021942,
                13.854765061689525,
                -7.600929206692857,
                3.8499469673878965,
                -1.1162720521651452
            ],
            [
                -1.7129562574912303,
                -1.5473415544312983,
                4.62058332186278,
                -1.8666558935552433,
                0.5063703836149921
            ],
            [
                0.5574314484369076,
                -2.7408469612252397,
                -0.16855299963996948,
                3.00137334956683,
                -0.6494048371385291
            ],
            [
                -0.47282496457737905,
                1.8543789210123502,
                -5.026764554898438,
                1.4739815670955183,
                2.171229031367949
            ],
            [
                1.1057600477980813,
                -4.057655554301382,
                8.77378631456966,
                -17.51555539809538,
                11.693664590029023
            ]
        ],
        "H": [
            0.13573810723075294,
            0.26024195231682995,
            0.2846723564437007,
            0.21843659983223213,
            0.10091098417648428
        ],
        "tL": [
            1.563352022476023,
            -0.9274725879323336,
            0.5786455502273772,
            -0.3036649764552261,
            0.08913999168415958
        ],
        "tR": [
            0.0646076222182064,
            -0.23417734158876538,
            0.4887391058751237,
            -0.857995024105043,
            1.5388256376004783
        ]
    },
    "sqrt_p3_k4_open_optTrue_simultaneous_v9": {
        "basis": [
            "P_0(x)",
            "P_1(x)",
            "P_2(x)",
            "P_3(x)",
            "sqrt(4-x)"
        ],
        "quad_basis": [
            "P_0(x)",
            "P_1(x)",
            "P_2(x)",
            "P_3(x)",
            "P_4(x)",
            "P_5(x)",
            "x^0/sqrt(4-x)",
            "x^1/sqrt(4-x)",
            "x^2/sqrt(4-x)",
            "x^3/sqrt(4-x)"
        ],
        "op_type": "open",
        "interval": [
            0.0,
            1.0
        ],
        "nodes": [
            0.049933619981489284,
            0.24278816022910296,
            0.5169700738352234,
            0.7813111129915987,
            0.956136202585808
        ],
        "D": [
            [
                -9.614363105416576,
                14.701199470300239,
                -7.864080445028421,
                3.8846059258011425,
                -1.1073618456563847
            ],
            [
                -1.8290404773734001,
                -1.530761875932809,
                4.724127355228552,
                -1.8603138215504487,
                0.49598881962810626
            ],
            [
                0.5832867629269666,
                -2.8163464208838525,
                -0.07049867462056968,
                2.92532305388609,
                -0.6217647213086345
            ],
            [
                -0.4819449578335892,
                1.8551068811958416,
                -4.893208163373217,
                1.5005522965079325,
                2.019493943503032
            ],
            [
                1.1022814436458082,
                -3.968341954129034,
                8.34454212667753,
                -16.20317538605563,
                10.724693769861325
            ]
        ],
        "H": [
            0.1257260428096004,
            0.24806596892162316,
            0.2844843525830957,
            0.23057144066161833,
            0.11115219502406237
        ],
        "tL": [
            1.5564825559584872,
            -0.9076144061463793,
            0.5521962629952933,
            -0.2826438974403383,
            0.08157948463293715
        ],
        "tR": [
            0.07131824623313716,
            -0.2535824409562642,
            0.5145961263468363,
            -0.8785536878006558,
            1.5462217561769467
        ]
    },
    "sqrt_p3_k3_open_optTrue_simultaneous_v9": {
        "basis": [
            "P_0(x)",
            "P_1(x)",
            "P_2(x)",
            "P_3(x)",
            "sqrt(3-x)"
        ],
        "quad_basis": [
            "P_0(x)",
            "P_1(x)",
            "P_2(x)",
            "P_3(x)",
            "P_4(x)",
            "P_5(x)",
            "x^0/sqrt(3-x)",
            "x^1/sqrt(3-x)",
            "x^2/sqrt(3-x)",
            "x^3/sqrt(3-x)"
        ],
        "op_type": "open",
        "interval": [
            0.0,
            1.0
        ],
        "nodes": [
            0.05115779917418439,
            0.24766645725083072,
            0.5238773763217915,
            0.7862419661042467,
            0.957382657133134
        ],
        "D": [
            [
                -9.420228805570284,
                14.438909143972673,
                -7.7818204286924795,
                3.872708643057386,
                -1.1095685527672943
            ],
            [
                -1.7937771272070129,
                -1.5359493469908254,
                4.692695582188064,
                -1.8619462042114474,
                0.4989770962212223
            ],
            [
                0.5756400520590729,
                -2.794218543055095,
                -0.09920411443336696,
                2.9475652228431306,
                -0.6297826174137413
            ],
            [
                -0.4792187504391748,
                1.854640098311739,
                -4.930857497826026,
                1.4933011198225519,
                2.0621350301309103
            ],
            [
                1.102616520662198,
                -3.9914446062124083,
                8.460823196867686,
                -16.560860661906247,
                10.98886555058877
            ]
        ],
        "H": [
            0.12866823832856084,
            0.2516306022574,
            0.28452345309049454,
            0.22701536764171912,
            0.10816233868182545
        ],
        "tL": [
            1.5585164166688055,
            -0.9134578238808977,
            0.5599133891427255,
            -0.2887288602436664,
            0.08375687831303313
        ],
        "tR": [
            0.0693176088507903,
            -0.24783356828505207,
            0.50700217843966,
            -0.8725645879648232,
            1.544078368959425
        ]
    },
    "sqrt_p3_k7_open_optTrue_simultaneous_v9": {
        "basis": [
            "P_0(x)",
            "P_1(x)",
            "P_2(x)",
            "P_3(x)",
            "sqrt(7-x)"
        ],
        "quad_basis": [
            "P_0(x)",
            "P_1(x)",
            "P_2(x)",
            "P_3(x)",
            "P_4(x)",
            "P_5(x)",
            "x^0/sqrt(7-x)",
            "x^1/sqrt(7-x)",
            "x^2/sqrt(7-x)",
            "x^3/sqrt(7-x)"
        ],
        "op_type": "open",
        "interval": [
            0.0,
            1.0
        ],
        "nodes": [
            0.04853501829046613,
            0.23722220506488817,
            0.5091043860386315,
            0.7757069549713309,
            0.9547214085345183
        ],
        "D": [
            [
                -9.84728570557187,
                15.016045098757658,
                -7.963557705993392,
                3.900091579945405,
                -1.1052932671378
            ],
            [
                -1.8705562026532663,
                -1.5244887668760607,
                4.7610923901048805,
                -1.8586865983196108,
                0.49263917774405697
            ],
            [
                0.592069607257404,
                -2.8415623151055107,
                -0.037819392303078604,
                2.90002417224472,
                -0.6127120720935345
            ],
            [
                -0.4851042065479541,
                1.8558875043998526,
                -4.851731637186047,
                1.508320833459378,
                1.9726275058747704
            ],
            [
                1.1025136492660943,
                -3.9447633246942986,
                8.220503781575042,
                -15.81947537124943,
                10.441221265102593
            ]
        ],
        "H": [
            0.12236583970300959,
            0.24400847889829855,
            0.2844559310036133,
            0.23462270712990052,
            0.114547043265178
        ],
        "tL": [
            1.5541442913129093,
            -0.9009319298298967,
            0.5434366628125538,
            -0.2757860123044494,
            0.07913698800888296
        ],
        "tR": [
            0.0736322613058608,
            -0.2601960260670423,
            0.523266189996754,
            -0.8853420575778178,
            1.5486396323422453
        ]
    },
    "sqrt_p3_k6_open_optTrue_simultaneous_v9": {
        "basis": [
            "P_0(x)",
            "P_1(x)",
            "P_2(x)",
            "P_3(x)",
            "sqrt(6-x)"
        ],
        "quad_basis": [
            "P_0(x)",
            "P_1(x)",
            "P_2(x)",
            "P_3(x)",
            "P_4(x)",
            "P_5(x)",
            "x^0/sqrt(6-x)",
            "x^1/sqrt(6-x)",
            "x^2/sqrt(6-x)",
            "x^3/sqrt(6-x)"
        ],
        "op_type": "open",
        "interval": [
            0.0,
            1.0
        ],
        "nodes": [
            0.04883088945154424,
            0.23839901462150095,
            0.5107660734762596,
            0.7768899148661285,
            0.9550198865563126
        ],
        "D": [
            [
                -9.796977055414317,
                14.94802928359926,
                -7.9420038888798565,
                3.896640964626969,
                -1.105689303932055
            ],
            [
                -1.861661680898677,
                -1.5258477168353428,
                4.753176954528994,
                -1.859009633872596,
                0.49334207707762195
            ],
            [
                0.5902074662419023,
                -2.8362335533182734,
                -0.04472255314732716,
                2.905366289165073,
                -0.6146176489413747
            ],
            [
                -0.48443195300462333,
                1.8557007262604037,
                -4.8603729289991024,
                1.5067213973496467,
                1.982382758393675
            ],
            [
                1.1024126181006173,
                -3.9495138941980055,
                8.246002197548911,
                -15.898548606220158,
                10.499647684768636
            ]
        ],
        "H": [
            0.12307657704481399,
            0.24486550049387007,
            0.2844605066127168,
            0.23376668753619503,
            0.11383072831240405
        ],
        "tL": [
            1.5546402459355806,
            -0.9023462040222202,
            0.545284755544837,
            -0.27722851269745297,
            0.07964971523925557
        ],
        "tR": [
            0.07314021840746784,
            -0.2587928557605096,
            0.5214325118162341,
            -0.88391073556616,
            1.5481308611029676
        ]
    },
    "sqrt_p3_k5_open_optTrue_simultaneous_v9": {
        "basis": [
            "P_0(x)",
            "P_1(x)",
            "P_2(x)",
            "P_3(x)",
            "sqrt(5-x)"
        ],
        "quad_basis": [
            "P_0(x)",
            "P_1(x)",
            "P_2(x)",
            "P_3(x)",
            "P_4(x)",
            "P_5(x)",
            "x^0/sqrt(5-x)",
            "x^1/sqrt(5-x)",
            "x^2/sqrt(5-x)",
            "x^3/sqrt(5-x)"
        ],
        "op_type": "open",
        "interval": [
            0.0,
            1.0
        ],
        "nodes": [
            0.049258901308575395,
            0.24010202819612103,
            0.5131720604532809,
            0.7786036566292985,
            0.955452445600779
        ],
        "D": [
            [
                -9.725194782413752,
                14.850993606769139,
                -7.911313660183893,
                3.8918169017891326,
                -1.1063020659606277
            ],
            [
                -1.8489018147033274,
                -1.5277830147331652,
                4.741817599697828,
                -1.859497090133653,
                0.49436431987231766
            ],
            [
                0.5875176048937396,
                -2.8285196023893815,
                -0.05471826607444385,
                2.9131035405103365,
                -0.6173832769402507
            ],
            [
                -0.4834631718507117,
                1.855450982155447,
                -4.872998831531807,
                1.504366370026233,
                1.996644651200839
            ],
            [
                1.102315024014742,
                -3.9566082017589435,
                8.283581826704783,
                -16.014897286495156,
                10.585608637534577
            ]
        ],
        "H": [
            0.12410484171214355,
            0.24610654433418136,
            0.28446848798578445,
            0.23252739145590937,
            0.1127927345119813
        ],
        "tL": [
            1.5553564674208695,
            -0.9043915258213593,
            0.5479629403964116,
            -0.2793230836804985,
            0.08039520168457671
        ],
        "tR": [
            0.07243081226578266,
            -0.2567668893775294,
            0.5187794706974048,
            -0.8818356767046643,
            1.5473922831190063
        ]
    },
    "sqrt_p3_k13_open_optTrue_simultaneous_v9": {
        "basis": [
            "P_0(x)",
            "P_1(x)",
            "P_2(x)",
            "P_3(x)",
            "sqrt(13-x)"
        ],
        "quad_basis": [
            "P_0(x)",
            "P_1(x)",
            "P_2(x)",
            "P_3(x)",
            "P_4(x)",
            "P_5(x)",
            "x^0/sqrt(13-x)",
            "x^1/sqrt(13-x)",
            "x^2/sqrt(13-x)",
            "x^3/sqrt(13-x)"
        ],
        "op_type": "open",
        "interval": [
            0.0,
            1.0
        ],
        "nodes": [
            0.04775494906141033,
            0.2341212088834037,
            0.5047291635980338,
            0.7725946848840499,
            0.9539365607604465
        ],
        "D": [
            [
                -9.982700929208328,
                15.19915469860768,
                -8.021748972125103,
                3.9096546374616525,
                -1.1043594347359027
            ],
            [
                -1.8943015990800203,
                -1.520821183300106,
                4.782211754973449,
                -1.8578895922701149,
                0.4908006196767921
            ],
            [
                0.5969898533907945,
                -2.85559763825811,
                -0.01964438247351389,
                2.8859643735288016,
                -0.6077122061879723
            ],
            [
                -0.4868865950875216,
                1.8564347810546977,
                -4.829282191929912,
                1.5124289773861526,
                1.947305028576583
            ],
            [
                1.102907350506785,
                -3.932820305146525,
                8.155091308979673,
                -15.616124270587706,
                10.290945916247773
            ]
        ],
        "H": [
            0.1204922415897893,
            0.24175233899314377,
            0.28444754368804387,
            0.23687701024921917,
            0.1164308654798039
        ],
        "tL": [
            1.5528333556805345,
            -0.8972015195250485,
            0.5385767262329396,
            -0.27200388125242164,
            0.07779531886399607
        ],
        "tR": [
            0.07493601505618812,
            -0.2639060630827062,
            0.5280997039916532,
            -0.8891037173307808,
            1.5499740613656456
        ]
    },
    "sqrt_p3_k12_open_optTrue_simultaneous_v9": {
        "basis": [
            "P_0(x)",
            "P_1(x)",
            "P_2(x)",
            "P_3(x)",
            "sqrt(12-x)"
        ],
        "quad_basis": [
            "P_0(x)",
            "P_1(x)",
            "P_2(x)",
            "P_3(x)",
            "P_4(x)",
            "P_5(x)",
            "x^0/sqrt(12-x)",
            "x^1/sqrt(12-x)",
            "x^2/sqrt(12-x)",
            "x^3/sqrt(12-x)"
        ],
        "op_type": "open",
        "interval": [
            0.0,
            1.0
        ],
        "nodes": [
            0.04782839942918375,
            0.23441309108718258,
            0.5051407685516002,
            0.7728873238069631,
            0.9540103318714319
        ],
        "D": [
            [
                -9.969775355827302,
                15.18167467537752,
                -8.016183809030984,
                3.908724929480866,
                -1.1044404400000993
            ],
            [
                -1.8920473302561998,
                -1.5211718329329074,
                4.780207583253245,
                -1.8579612514620598,
                0.4909728313979225
            ],
            [
                0.5965259083656657,
                -2.854276947244524,
                -0.021354172911661886,
                2.887286707166201,
                -0.6081814953756808
            ],
            [
                -0.4867181532996059,
                1.8563798824882851,
                -4.831375621990056,
                1.5120487674601637,
                1.9496651253412134
            ],
            [
                1.1028625740429836,
                -3.9339096409070407,
                8.161140786077077,
                -15.63496182275947,
                10.30486810354645
            ]
        ],
        "H": [
            0.12066864046745822,
            0.24196456379139716,
            0.28444810665446374,
            0.2366649087409055,
            0.11625378034577534
        ],
        "tL": [
            1.5529569984924254,
            -0.8975528749337555,
            0.5390335597040203,
            -0.2723587072017168,
            0.07792102393902652
        ],
        "tR": [
            0.07481285490678026,
            -0.2635560761718608,
            0.527644644035547,
            -0.8887502644242122,
            1.5498488416537457
        ]
    },
    "sqrt_p3_k11_open_optTrue_simultaneous_v9": {
        "basis": [
            "P_0(x)",
            "P_1(x)",
            "P_2(x)",
            "P_3(x)",
            "sqrt(11-x)"
        ],
        "quad_basis": [
            "P_0(x)",
            "P_1(x)",
            "P_2(x)",
            "P_3(x)",
            "P_4(x)",
            "P_5(x)",
            "x^0/sqrt(11-x)",
            "x^1/sqrt(11-x)",
            "x^2/sqrt(11-x)",
            "x^3/sqrt(11-x)"
        ],
        "op_type": "open",
        "interval": [
            0.0,
            1.0
        ],
        "nodes": [
            0.04791584477648597,
            0.23476061563130926,
            0.5056308969385016,
            0.7732358317569273,
            0.9540981940452091
        ],
        "D": [
            [
                -9.954435018544338,
                15.160929546337597,
                -8.00958184642808,
                3.907626092360644,
                -1.1045387737258239
            ],
            [
                -1.8893685708163996,
                -1.5215878404043537,
                4.777825793400835,
                -1.8580474829812477,
                0.4911781008011665
            ],
            [
                0.5959737439783033,
                -2.852704385543484,
                -0.023390157188586468,
                2.8888614036085998,
                -0.6087406048548326
            ],
            [
                -0.4865177832214841,
                1.8563154328242661,
                -4.833873412823222,
                1.5115943421635687,
                1.9524814210568715
            ],
            [
                1.1028113274840081,
                -3.9352159501599777,
                8.168372228524019,
                -15.657471386941639,
                10.32150378109359
            ]
        ],
        "H": [
            0.12087865433823308,
            0.242217282190492,
            0.2844488382662451,
            0.2364123505645859,
            0.11604287464044388
        ],
        "tL": [
            1.5531041437459359,
            -0.8979711476699413,
            0.5395776449273887,
            -0.27278149040305255,
            0.07807084939966939
        ],
        "tR": [
            0.07466633674386808,
            -0.26313958161779144,
            0.5271028636111462,
            -0.8883292658516588,
            1.549699647114436
        ]
    },
    "sqrt_p3_k10_open_optTrue_simultaneous_v9": {
        "basis": [
            "P_0(x)",
            "P_1(x)",
            "P_2(x)",
            "P_3(x)",
            "sqrt(10-x)"
        ],
        "quad_basis": [
            "P_0(x)",
            "P_1(x)",
            "P_2(x)",
            "P_3(x)",
            "P_4(x)",
            "P_5(x)",
            "x^0/sqrt(10-x)",
            "x^1/sqrt(10-x)",
            "x^2/sqrt(10-x)",
            "x^3/sqrt(10-x)"
        ],
        "op_type": "open",
        "interval": [
            0.0,
            1.0
        ],
        "nodes": [
            0.0480217091837666,
            0.2351813819543467,
            0.5062244056758488,
            0.7736579087095755,
            0.9542046139756465
        ],
        "D": [
            [
                -9.935932962184589,
                15.135909507176052,
                -8.001623387748285,
                3.9063074067113552,
                -1.1046605639545326
            ],
            [
                -1.8861328656935281,
                -1.5220893673985414,
                4.774948482967192,
                -1.858153213575934,
                0.49142696370081185
            ],
            [
                0.595305534904351,
                -2.850800250348192,
                -0.025855598529923005,
                2.890768383949074,
                -0.60941806997531
            ],
            [
                -0.4862754499648225,
                1.856238732476525,
                -4.836905329971816,
                1.5110416099526218,
                1.9559004375074918
            ],
            [
                1.1027523020896477,
                -3.936811188028743,
                8.177169768083157,
                -15.684843386839487,
                10.341732504695427
            ]
        ],
        "H": [
            0.1211329111380793,
            0.24252331493524443,
            0.28444981331887986,
            0.23610653135505658,
            0.11578742925273983
        ],
        "tL": [
            1.5532822014522072,
            -0.8984774817962028,
            0.5402366372110717,
            -0.2732938362661279,
            0.07825247939905176
        ],
        "tR": [
            0.07448911453210778,
            -0.2626356169229128,
            0.5264469430388576,
            -0.8878192988774263,
            1.5495188582293737
        ]
    },
    "sqrt_p3_k9_open_optTrue_simultaneous_v9": {
        "basis": [
            "P_0(x)",
            "P_1(x)",
            "P_2(x)",
            "P_3(x)",
            "sqrt(9-x)"
        ],
        "quad_basis": [
            "P_0(x)",
            "P_1(x)",
            "P_2(x)",
            "P_3(x)",
            "P_4(x)",
            "P_5(x)",
            "x^0/sqrt(9-x)",
            "x^1/sqrt(9-x)",
            "x^2/sqrt(9-x)",
            "x^3/sqrt(9-x)"
        ],
        "op_type": "open",
        "interval": [
            0.0,
            1.0
        ],
        "nodes": [
            0.048152502887573424,
            0.2357012936180379,
            0.5069578908699048,
            0.7741796214111314,
            0.9543361710661675
        ],
        "D": [
            [
                -9.913178424780627,
                15.105140062774106,
                -7.991842125240988,
                3.904695651451145,
                -1.1048151642036355
            ],
            [
                -1.882146201487426,
                -1.5227058249117247,
                4.77140291858511,
                -1.8582858613456101,
                0.49173496915965015
            ],
            [
                0.5944803677792214,
                -2.8484472117108464,
                -0.02890253196977921,
                2.8931253324674406,
                -0.6102559565660365
            ],
            [
                -0.4859764175628299,
                1.8561459785025671,
                -4.84066336437861,
                1.510354779851866,
                1.9601390235870066
            ],
            [
                1.1026839698247728,
                -3.938803058479815,
                8.18810434619326,
                -15.718845622235248,
                10.36686036469703
            ]
        ],
        "H": [
            0.12144705120082211,
            0.24290153885452248,
            0.28445115321511455,
            0.23572860086934075,
            0.11547165586020008
        ],
        "tL": [
            1.5535020654894827,
            -0.8991029867620124,
            0.541051271592955,
            -0.2739276031590339,
            0.0784772528386087
        ],
        "tR": [
            0.07427039817890486,
            -0.2620133672482483,
            0.5256365297361597,
            -0.8871888017294043,
