{
    "poly_p4_closed": {
        "basis": [
            "P_0(x)",
            "P_1(x)",
            "P_2(x)",
            "P_3(x)",
            "P_4(x)"
        ],
        "quad_basis": [
            "P_0(x)",
            "P_1(x)",
            "P_2(x)",
            "P_3(x)",
            "P_4(x)",
            "P_5(x)",
            "P_6(x)",
            "P_7(x)"
        ],
        "op_type": "closed",
        "interval": [
            0.0,
            1.0
        ],
        "nodes": [
            0.0,
            0.17267316464601143,
            0.5,
            0.8273268353539885,
            1.0
        ],
        "D": [
            [
                -10.0,
                13.51300497744848,
                -5.333333333333333,
                2.8203283558848535,
                -1.0
            ],
            [
                -2.4819805060619657,
                1.808011330610452e-41,
                3.4914862437758782,
                -1.5275252316519468,
                0.5180194939380343
            ],
            [
                0.75,
                -2.6731691553909065,
                -0.0,
                2.6731691553909065,
                -0.75
            ],
            [
                -0.5180194939380343,
                1.5275252316519468,
                -3.4914862437758782,
                -8.767564846412937e-42,
                2.4819805060619657
            ],
            [
                1.0,
                -2.8203283558848535,
                5.333333333333333,
                -13.51300497744848,
                10.0
            ]
        ],
        "H": [
            0.05,
            0.2722222222222222,
            0.35555555555555557,
            0.2722222222222222,
            0.05
        ],
        "tL": [
            1.0,
            0.0,
            0.0,
            0.0,
            0.0
        ],
        "tR": [
            0.0,
            0.0,
            0.0,
            0.0,
            1.0
        ]
    },
    "poly_p5_closed": {
        "basis": [
            "P_0(x)",
            "P_1(x)",
            "P_2(x)",
            "P_3(x)",
            "P_4(x)",
            "P_5(x)"
        ],
        "quad_basis": [
            "P_0(x)",
            "P_1(x)",
            "P_2(x)",
            "P_3(x)",
            "P_4(x)",
            "P_5(x)",
            "P_6(x)",
            "P_7(x)",
            "P_8(x)",
            "P_9(x)"
        ],
        "op_type": "closed",
        "interval": [
            0.0,
            1.0
        ],
        "nodes": [
            0.0,
            0.11747233803526766,
            0.3573842417596775,
            0.6426157582403226,
            0.8825276619647323,
            1.0
        ],
        "D": [
            [
                -15.0,
                20.28283187263934,
                -8.072374540610696,
                4.489369296352334,
                -2.699826628380976,
                1.0
            ],
            [
                -3.5727298966781897,
                -2.0214590775976373e-42,
                5.046853554858911,
                -2.3056563170718585,
                1.3070950148596003,
                -0.47556235596846275
            ],
            [
                0.9699020957071384,
                -3.4425139056604666,
                -1.0515274982026703e-41,
                3.505923932735732,
                -1.5727133444464814,
                0.5394012216640779
            ],
            [
                -0.5394012216640779,
                1.5727133444464814,
                -3.505923932735732,
                5.061684301338066e-42,
                3.4425139056604666,
                -0.9699020957071384
            ],
            [
                0.47556235596846275,
                -1.3070950148596003,
                2.3056563170718585,
                -5.046853554858911,
                -7.0784388148271e-42,
                3.5727298966781897
            ],
            [
                -1.0,
                2.699826628380976,
                -4.489369296352334,
                8.072374540610696,
                -20.28283187263934,
                15.0
            ]
        ],
        "H": [
            0.03333333333333333,
            0.1892374781489235,
            0.2774291885177432,
            0.2774291885177432,
            0.1892374781489235,
            0.03333333333333333
        ],
        "tL": [
            1.0,
            0.0,
            0.0,
            0.0,
            0.0,
            0.0
        ],
        "tR": [
            0.0,
            0.0,
            0.0,
            0.0,
            0.0,
            1.0
        ]
    },
    "p3_alpha80.0_div8_optTrue_simultaneous_closed": {
        "basis": [
            "P_0(x)",
            "P_1(x)",
            "P_2(x)",
            "P_3(x)",
            "exp((80.0/8)x)"
        ],
        "quad_basis": [
            "P_0(x)",
            "P_1(x)",
            "P_2(x)",
            "P_3(x)",
            "P_4(x)",
            "P_5(x)",
            "P_6(x)",
            "x^0 exp((80.0/8)x)",
            "x^1 exp((80.0/8)x)",
            "x^2 exp((80.0/8)x)",
            "x^3 exp((80.0/8)x)",
            "exp(2 * (80.0/8)x)"
        ],
        "op_type": "closed",
        "selector": 0,
        "interval": [
            0.0,
            1.0
        ],
        "nodes": [
            0.0,
            0.11538926225063738,
            0.3401398438378679,
            0.5916427143637135,
            0.8025165753113819,
            0.9411588639604408,
            1.0
        ],
        "D": [
            [
                -15.033171623408819,
                20.15566074066392,
                -7.372197178887389,
                3.007904046146258,
                -0.7866790113035866,
                -0.08610606956136604,
                0.1145890963509857
            ],
            [
                -3.6638829588049284,
                0.0,
                4.9982573799453744,
                -1.8262651616491337,
                0.5961515470439261,
                -0.10586643569671943,
                0.0016056291614809058
            ],
            [
                0.9731604747801271,
                -3.629623540013662,
                0.0,
                3.5625913248933765,
                -1.2371680983669653,
                0.46147226664231383,
                -0.13043242793519022
            ],
            [
                -0.4178102294831224,
                1.3955145640030007,
                -3.7488112784444736,
                0.0,
                3.750457266480466,
                -1.4214356429057453,
                0.44208532034987436
            ],
            [
                0.1475538203266598,
                -0.6151273230896819,
                1.757899686340318,
                -5.0643303288650205,
                0.0,
                5.17805502041311,
                -1.4040508751253862
            ],
            [
                0.02890867752696755,
                0.19552765798212948,
                -1.1736876801109721,
                3.4356314473886704,
                -9.268473759808884,
                0.0,
                6.78209365702209
            ],
            [
                -0.2385232205064583,
                -0.018386034257420823,
                2.0567685802590776,
                -6.624885446872699,
                15.581789011458973,
                -42.04909893450415,
                31.29233604442268
            ]
        ],
        "H": [
            0.033259781270735166,
            0.18296787182860383,
            0.25196015663287663,
            0.2394441868547526,
            0.1773235812418208,
            0.09906606889997553,
            0.015978353271235445
        ],
        "tL": [
            1.0,
            0.0,
            0.0,
            0.0,
            0.0,
            0.0,
            0.0
        ],
        "tR": [
            0.0,
            0.0,
            0.0,
            0.0,
            0.0,
            0.0,
            1.0
        ]
    },
    "p3_alpha80.0_div16_optTrue_simultaneous_closed": {
        "basis": [
            "P_0(x)",
            "P_1(x)",
            "P_2(x)",
            "P_3(x)",
            "exp((80.0/16)x)"
        ],
        "quad_basis": [
            "P_0(x)",
            "P_1(x)",
            "P_2(x)",
            "P_3(x)",
            "P_4(x)",
            "P_5(x)",
            "P_6(x)",
            "x^0 exp((80.0/16)x)",
            "x^1 exp((80.0/16)x)",
            "x^2 exp((80.0/16)x)",
            "x^3 exp((80.0/16)x)",
            "exp(2 * (80.0/16)x)"
        ],
        "op_type": "closed",
        "selector": 0,
        "interval": [
            0.0,
            1.0
        ],
        "nodes": [
            0.0,
            0.1002070350639774,
            0.3034306731560939,
            0.5474488620480408,
            0.7705672359108269,
            0.9292317349292951,
            1.0
        ],
        "D": [
            [
                -17.52044000915108,
                23.563371992133707,
                -8.933623127697647,
                4.2955699647686325,
                -2.0239336150062033,
                0.8699254764860349,
                -0.250870681533444
            ],
            [
                -4.179478810334851,
                0.0,
                5.7921196637164325,
                -2.3783046307051574,
                1.1245349322412703,
                -0.5204984971663085,
                0.16162734224861372
            ],
            [
                1.0859545056318671,
                -3.969509462215572,
                0.0,
                3.9884241510820106,
                -1.6350623470615784,
                0.7906533839426977,
                -0.2604602313794253
            ],
            [
                -0.5051723095633442,
                1.5768904874628658,
                -3.858656093662676,
                0.0,
                3.869129240204616,
                -1.6050442374196094,
                0.5228529129781483
            ],
            [
                0.2942419529034298,
                -0.9217148685210085,
                1.9555037099635444,
                -4.7830269437407305,
                0.0,
                4.769524651850069,
                -1.314528502455304
            ],
            [
                -0.21162008528208223,
                0.7138543774404199,
                -1.5822567799532148,
                3.320038362711398,
                -7.9807113329241535,
                0.0,
                5.740695458007632
            ],
            [
                0.36673996816855176,
                -1.3321050558395582,
                3.1323173152111914,
                -6.499338029513493,
                13.218129722225557,
                -34.49832476062638,
                25.612580840374132
            ]
        ],
        "H": [
            0.028538096060307026,
            0.16089416980735555,
            0.23476913044020478,
            0.2426645046999859,
            0.19629835703166384,
            0.11731408566523638,
            0.019521656295246517
        ],
        "tL": [
            1.0,
            0.0,
            0.0,
            0.0,
            0.0,
            0.0,
            0.0
        ],
        "tR": [
            0.0,
            0.0,
            0.0,
            0.0,
            0.0,
            0.0,
            1.0
        ]
    },
    "p3_alpha80.0_div32_optTrue_simultaneous_closed": {
        "basis": [
            "P_0(x)",
            "P_1(x)",
            "P_2(x)",
            "P_3(x)",
            "exp((80.0/32)x)"
        ],
        "quad_basis": [
            "P_0(x)",
            "P_1(x)",
            "P_2(x)",
            "P_3(x)",
            "P_4(x)",
            "P_5(x)",
            "P_6(x)",
            "x^0 exp((80.0/32)x)",
            "x^1 exp((80.0/32)x)",
            "x^2 exp((80.0/32)x)",
            "x^3 exp((80.0/32)x)",
            "exp(2 * (80.0/32)x)"
        ],
        "op_type": "closed",
        "selector": 0,
        "interval": [
            0.0,
            1.0
        ],
        "nodes": [
            0.0,
            0.0924819824829308,
            0.28448118244439907,
            0.5239574189729602,
            0.7528962644735884,
            0.9224005516453524,
            1.0
        ],
        "D": [
            [
                -19.123271983157064,
                25.803164615385334,
                -10.085428394058056,
                5.356124532158782,
                -3.0954411595869624,
                1.7770836618434867,
                -0.6322312725855216
            ],
            [
                -4.509777905999306,
                0.0,
                6.3264595962731995,
                -2.7935607636285624,
                1.5419789935747983,
                -0.8775561982107813,
                0.3124562779906519
            ],
            [
                1.1694415426703306,
                -4.197229575090583,
                0.0,
                4.263760094488784,
                -1.901709971282635,
                1.0284634698222668,
                -0.362725560608163
            ],
            [
                -0.5750736717782965,
                1.716124374572108,
                -3.9480388033086524,
                0.0,
                3.9510870484298164,
                -1.7238837921208785,
                0.5797848442059027
            ],
            [
                0.3927234865564017,
                -1.119336324077728,
                2.0807717270659984,
                -4.668830427577979,
                0.0,
                4.598295015488997,
                -1.28362347745569
            ],
            [
                -0.36419852233240385,
                1.029018213421614,
                -1.8177535800874813,
                3.2905271063702193,
                -7.42784469532641,
                0.0,
                5.290251477954462
            ],
            [
                0.7658118215987239,
                -2.1654749576862637,
                3.7891350608478582,
                -6.540939493291386,
                12.25517232074799,
                -31.267424086217996,
                23.163719334001073
            ]
        ],
        "H": [
            0.026146153254546504,
            0.14959794263674772,
            0.22548810419943605,
            0.2435201953085569,
            0.2060836230057465,
            0.1275785016126532,
            0.021585479982313138
        ],
        "tL": [
            1.0,
            0.0,
            0.0,
            0.0,
            0.0,
            0.0,
            0.0
        ],
        "tR": [
            0.0,
            0.0,
            0.0,
            0.0,
            0.0,
            0.0,
            1.0
        ]
    },
    "p3_alpha80.0_div64_optTrue_simultaneous_closed": {
        "basis": [
            "P_0(x)",
            "P_1(x)",
            "P_2(x)",
            "P_3(x)",
            "exp((80.0/64)x)"
        ],
        "quad_basis": [
            "P_0(x)",
            "P_1(x)",
            "P_2(x)",
            "P_3(x)",
            "P_4(x)",
            "P_5(x)",
            "P_6(x)",
            "x^0 exp((80.0/64)x)",
            "x^1 exp((80.0/64)x)",
            "x^2 exp((80.0/64)x)",
            "x^3 exp((80.0/64)x)",
            "exp(2 * (80.0/64)x)"
        ],
        "op_type": "closed",
        "selector": 0,
        "interval": [
            0.0,
            1.0
        ],
        "nodes": [
            0.0,
            0.08865756132632593,
            0.27499889649495346,
            0.5120090157257279,
            0.7437389170192742,
            0.9188047795521906,
            1.0
        ],
        "D": [
            [
                -20.026254728182977,
                27.056641729204195,
                -10.697777703137843,
                5.8765531098559,
                -3.60034511835441,
                2.2071855230345516,
                -0.8160028124194187
            ],
            [
                -4.691935295494995,
                0.0,
                6.612104573225025,
                -2.995218416541418,
                1.7343175674962974,
                -1.0425038689678598,
                0.38323544028294987
            ],
            [
                1.2101405653925232,
                -4.313242147105864,
                0.0,
                4.398152487716601,
                -2.0195565206475314,
                1.1327641046665946,
                -0.4082584900223233
            ],
            [
                -0.601965302716665,
                1.769290590386748,
                -3.9826929589789883,
                0.0,
                3.9834895649176616,
                -1.771297098797808,
                0.6031752051890518
            ],
            [
                0.4260448387909842,
                -1.183482050426617,
                2.112637272323228,
                -4.601782261200588,
                0.0,
                4.513522821528905,
                -1.2669406210159122
            ],
            [
                -0.4145361064333791,
                1.1290757428102653,
                -1.8807053214403777,
                3.247626993796937,
                -7.16354497905273,
                0.0,
                5.082083670319284
            ],
            [
                0.8982899331295267,
                -2.432833671892893,
                3.9729934763058212,
                -6.482157274475018,
                11.786095679201807,
                -29.788124684863362,
                22.045736542594117
            ]
        ],
        "H": [
            0.024967224615212214,
            0.14397667675318981,
            0.22071305304207908,
            0.24373700742359122,
            0.21098864973303275,
            0.13293726617733045,
            0.02268012225556448
        ],
        "tL": [
            1.0,
            0.0,
            0.0,
            0.0,
            0.0,
            0.0,
            0.0
        ],
        "tR": [
            0.0,
            0.0,
            0.0,
            0.0,
            0.0,
            0.0,
            1.0
        ]
    },
    "p3_alpha80.0_div80_optTrue_simultaneous_closed": {
        "basis": [
            "P_0(x)",
            "P_1(x)",
            "P_2(x)",
            "P_3(x)",
            "exp((80.0/80)x)"
        ],
        "quad_basis": [
            "P_0(x)",
            "P_1(x)",
            "P_2(x)",
            "P_3(x)",
            "P_4(x)",
            "P_5(x)",
            "P_6(x)",
            "x^0 exp((80.0/80)x)",
            "x^1 exp((80.0/80)x)",
            "x^2 exp((80.0/80)x)",
            "x^3 exp((80.0/80)x)",
            "exp(2 * (80.0/80)x)"
        ],
        "op_type": "closed",
        "selector": 0,
        "interval": [
            0.0,
            1.0
        ],
        "nodes": [
            0.0,
            0.08789855779552373,
            0.2731079259451802,
            0.5096101492257755,
            0.7418870783978543,
            0.9180733535259336,
            1.0
        ],
        "D": [
            [
                -20.215289982265073,
                27.316807965452977,
                -10.81719626629227,
                5.968248851195778,
                -3.6831984875680304,
                2.2756543442846784,
                -0.8450264248080587
            ],
            [
                -4.729489987945186,
                0.0,
                6.669078888568278,
                -3.0311590544195983,
                1.7658386247052305,
                -1.0685989394177193,
                0.39433046850899495
            ],
            [
                1.2175218476614071,
                -4.335543494237995,
                0.0,
                4.42309288553096,
                -2.0387823673916916,
                1.1489526727478874,
                -0.4152415443105676
            ],
            [
                -0.6055764654731194,
                1.7764231765115333,
                -3.987365729632268,
                0.0,
                3.9879166269126594,
                -1.777809156210287,
                0.6064115478914817
            ],
            [
                0.42977893394381045,
                -1.1901087599940599,
                2.1136292774626604,
                -4.586105120012943,
                0.0,
                4.495729221673602,
                -1.2629235530730698
            ],
            [
                -0.4199657541401941,
                1.139037333932133,
                -1.8838558464298263,
                3.233483535865736,
                -7.110296744055858,
                0.0,
                5.041597474828009
            ],
            [
                0.9125570638421342,
                -2.4596069705411683,
                3.984083988803603,
                -6.454091802456321,
                11.68817763490032,
                -29.501923223596993,
                21.830803309048424
            ]
        ],
        "H": [
            0.024733753532036953,
            0.14285836257643605,
            0.21974954032410016,
            0.24376309932720058,
            0.21196786628213218,
            0.1340239605747878,
            0.022903417383306285
        ],
        "tL": [
            1.0,
            0.0,
            0.0,
            0.0,
            0.0,
            0.0,
            0.0
        ],
        "tR": [
            0.0,
            0.0,
            0.0,
            0.0,
            0.0,
            0.0,
            1.0
        ]
    },
    "p3_alpha80.0_div100_optTrue_simultaneous_closed": {
        "basis": [
            "P_0(x)",
            "P_1(x)",
            "P_2(x)",
            "P_3(x)",
            "exp((80.0/100)x)"
        ],
        "quad_basis": [
            "P_0(x)",
            "P_1(x)",
            "P_2(x)",
            "P_3(x)",
            "P_4(x)",
            "P_5(x)",
            "P_6(x)",
            "x^0 exp((80.0/100)x)",
            "x^1 exp((80.0/100)x)",
            "x^2 exp((80.0/100)x)",
            "x^3 exp((80.0/100)x)",
            "exp(2 * (80.0/100)x)"
        ],
        "op_type": "closed",
        "selector": 0,
        "interval": [
            0.0,
            1.0
        ],
        "nodes": [
            0.0,
            0.08729305660649356,
            0.27159711428743716,
            0.5076896254354637,
            0.7404013267336497,
            0.9174855176413572,
            1.0
        ],
        "D": [
            [
                -20.368566900832352,
                27.527077764087668,
                -10.911373690457685,
                6.037380706797714,
                -3.7433637703723983,
                2.324380922492353,
                -0.865535031715302
            ],
            [
                -4.759778245424608,
                0.0,
                6.714453010474426,
                -3.05844335805815,
                1.788762051602604,
                -1.087149322365941,
                0.4021558637716675
            ],
            [
                1.2231804912162543,
                -4.35306492913522,
                0.0,
                4.442407622825426,
                -2.052783711935137,
                1.1603861439941923,
                -0.42012561696551526
            ],
            [
                -0.6079395045893196,
                1.7810890535865438,
                -3.9904244445156754,
                0.0,
                3.990819193106213,
                -1.7820814527472704,
                0.6085371551595087
            ],
            [
                0.4319176456339448,
                -1.1936166745980057,
                2.1128613137964094,
                -4.572873250607628,
                0.0,
                4.481192091563078,
                -1.2594811257877985
            ],
            [
                -0.42297629165661615,
                1.1441193021657834,
                -1.883649701934254,
                3.220508654772117,
                -7.067460168322507,
                0.0,
                5.009458204975476
            ],
            [
                0.9204527229797913,
                -2.473344618302798,
                3.9855189986521986,
                -6.426760767206923,
                11.608325729813052,
                -29.27513261725204,
                21.660940551316717
            ]
        ],
        "H": [
            0.024547627844135063,
            0.14196553405380546,
            0.2189769560135072,
            0.24377980641996114,
            0.21275051308785453,
            0.13489653907049454,
            0.023083023510242086
        ],
        "tL": [
            1.0,
            0.0,
            0.0,
            0.0,
            0.0,
            0.0,
            0.0
        ],
        "tR": [
            0.0,
            0.0,
            0.0,
            0.0,
            0.0,
            0.0,
            1.0
        ]
    },
    "p4_alpha80.0_div8_optTrue_simultaneous_closed": {
        "basis": [
            "P_0(x)",
            "P_1(x)",
            "P_2(x)",
            "P_3(x)",
            "P_4(x)",
            "exp((80.0/8)x)"
        ],
        "quad_basis": [
            "P_0(x)",
            "P_1(x)",
            "P_2(x)",
            "P_3(x)",
            "P_4(x)",
            "P_5(x)",
            "P_6(x)",
            "P_7(x)",
            "x^0 exp((80.0/8)x)",
            "x^1 exp((80.0/8)x)",
            "x^2 exp((80.0/8)x)",
            "x^3 exp((80.0/8)x)",
            "x^4 exp((80.0/8)x)",
            "exp(2 * (80.0/8)x)"
        ],
        "op_type": "closed",
        "selector": 0,
        "interval": [
            0.0,
            1.0
        ],
        "nodes": [
            0.0,
            0.08500621160236552,
            0.2594128048551952,
            0.473942690764035,
            0.680087682705136,
            0.8451253134643621,
            0.9535383689125919,
            1.0
        ],
        "D": [
            [
                -20.72293850375486,
                27.93300834804676,
                -10.769172818721561,
                5.341804494819668,
                -2.4877833599228634,
                0.8399371570282135,
                -0.094419789644053,
                -0.040435527851303145
            ],
            [
                -4.920759712864983,
                0.0,
                6.856851349190671,
                -2.8687161201515003,
                1.3266814515342802,
                -0.5077557127930146,
                0.12890759567854582,
                -0.015208850593998728
            ],
            [
                1.278051455537672,
                -4.619301188341677,
                0.0,
                4.620897791775582,
                -1.848213434769023,
                0.8001862694745892,
                -0.3215335879521201,
                0.08991269427497631
            ],
            [
                -0.5928886244841611,
                1.807416552276894,
                -4.321609268770723,
                0.0,
                4.267178942781424,
                -1.6910125475359568,
                0.7837462106385715,
                -0.2528312649060495
            ],
            [
                0.31684203503697356,
                -0.9591409767576001,
                1.9834276597303648,
                -4.896502291305034,
                0.0,
                4.913931452441908,
                -2.0089243002630943,
                0.6503664211164829
            ],
            [
                -0.146666017485538,
                0.5032955339853706,
                -1.1773560168755137,
                2.66038448890512,
                -6.737232950577516,
                0.0,
                6.7560611336019845,
                -1.8584861715539078
            ],
            [
                0.029237483809840883,
                -0.2265901499377857,
                0.8389523978598692,
                -2.186589665930316,
                4.884389651685292,
                -11.980855521202175,
                0.0,
                8.641455803715274
            ],
            [
                0.0769926413834169,
                0.16438721912332596,
                -1.442584033697596,
                4.3374227318129215,
                -9.723306529110117,
                20.26575233251824,
                -53.13687988224085,
                39.45821552021065
            ]
        ],
        "H": [
            0.024127852326995193,
            0.13696330237551846,
            0.20330715976117866,
            0.2173869841453355,
            0.1894473046253798,
            0.13817706402733151,
            0.07791870039482919,
            0.0126716323434317
        ],
        "tL": [
            1.0,
            0.0,
            0.0,
            0.0,
            0.0,
            0.0,
            0.0,
            0.0
        ],
        "tR": [
            0.0,
            0.0,
            0.0,
            0.0,
            0.0,
            0.0,
            0.0,
            1.0
        ]
    },
    "p4_alpha80.0_div16_optTrue_simultaneous_closed": {
        "basis": [
            "P_0(x)",
            "P_1(x)",
            "P_2(x)",
            "P_3(x)",
            "P_4(x)",
            "exp((80.0/16)x)"
        ],
        "quad_basis": [
            "P_0(x)",
            "P_1(x)",
            "P_2(x)",
            "P_3(x)",
            "P_4(x)",
            "P_5(x)",
            "P_6(x)",
            "P_7(x)",
            "x^0 exp((80.0/16)x)",
            "x^1 exp((80.0/16)x)",
            "x^2 exp((80.0/16)x)",
            "x^3 exp((80.0/16)x)",
            "x^4 exp((80.0/16)x)",
            "exp(2 * (80.0/16)x)"
        ],
        "op_type": "closed",
        "selector": 0,
        "interval": [
            0.0,
            1.0
        ],
        "nodes": [
            0.0,
            0.07445864119647952,
            0.23175681650653912,
            0.4352393126632135,
            0.6437225371980091,
            0.8218941291772274,
            0.9453518435288448,
            1.0
        ],
        "D": [
            [
                -23.868900961006947,
                32.21882303843427,
                -12.62086636718466,
                6.705053475599769,
                -3.8220567192159343,
                2.1491117878066723,
                -1.1503608920868986,
                0.3891966376537233
            ],
            [
                -5.575012855509362,
                0.0,
                7.825053369255253,
                -3.454003993237574,
                1.8840905080691166,
                -1.0594562005936112,
                0.5780798243238072,
                -0.1987506523076284
            ],
            [
                1.4117277596747053,
                -5.058396785528585,
                0.0,
                5.129808460327615,
                -2.2708313811591325,
                1.231054533521856,
                -0.6825202640149074,
                0.2391576771784489
            ],
            [
                -0.6605473417488725,
                1.9664745806150454,
                -4.517946319669715,
                0.0,
                4.515078669041556,
                -1.9964603760245598,
                1.0674795798053627,
                -0.37407879201881716
            ],
            [
                0.4036192072893138,
                -1.149847531935227,
                2.1438667978194017,
                -4.839921478630144,
                0.0,
                4.839081749106271,
                -2.1019977489702115,
                0.705199005320596
            ],
            [
                -0.2924726313689561,
                0.8332456049409412,
                -1.497758289021837,
                2.7579425677129104,
                -6.236120346033297,
                0.0,
                6.1506841979164895,
                -1.715521104146251
            ],
            [
                0.2655705235802527,
                -0.7712538969843857,
                1.4086384048135947,
                -2.501518007780497,
                4.595188274719026,
                -10.433810956697812,
                0.0,
                7.437185658349821
            ],
            [
                -0.5415384327174939,
                1.5982052946241962,
                -2.974971054152866,
                5.283498492394163,
                -9.291743182692956,
                17.54001833177095,
                -44.825285704980146,
                33.21181625575415
            ]
        ],
        "H": [
            0.0209477596315313,
            0.12106019808600077,
            0.1872732707773494,
            0.21263555183123592,
            0.19836401243121482,
            0.15392577740196423,
            0.09073854708001228,
            0.015054882760691292
        ],
        "tL": [
            1.0,
            0.0,
            0.0,
            0.0,
            0.0,
            0.0,
            0.0,
            0.0
        ],
        "tR": [
            0.0,
            0.0,
            0.0,
            0.0,
            0.0,
            0.0,
            0.0,
            1.0
        ]
    },
    "p4_alpha80.0_div32_optTrue_simultaneous_closed": {
        "basis": [
            "P_0(x)",
            "P_1(x)",
            "P_2(x)",
            "P_3(x)",
            "P_4(x)",
            "exp((80.0/32)x)"
        ],
        "quad_basis": [
            "P_0(x)",
            "P_1(x)",
            "P_2(x)",
            "P_3(x)",
            "P_4(x)",
            "P_5(x)",
            "P_6(x)",
            "P_7(x)",
            "x^0 exp((80.0/32)x)",
            "x^1 exp((80.0/32)x)",
            "x^2 exp((80.0/32)x)",
            "x^3 exp((80.0/32)x)",
            "x^4 exp((80.0/32)x)",
            "exp(2 * (80.0/32)x)"
        ],
        "op_type": "closed",
        "selector": 0,
        "interval": [
            0.0,
            1.0
        ],
        "nodes": [
            0.0,
            0.0692262586305132,
            0.21785440099837114,
            0.41532784488412083,
            0.6244214211936266,
            0.8091597747577021,
            0.9407517753102669,
            1.0
        ],
        "D": [
            [
                -25.802374535234232,
                34.871108700032224,
                -13.8222761489136,
                7.646218628650739,
                -4.756919918232852,
                3.0730709342694555,
                -1.9258765766016652,
                0.7170489160299366
            ],
            [
                -5.973331398458944,
                0.0,
                8.426064520816478,
                -3.8376875020809327,
                2.2529938620484167,
                -1.425453709363862,
                0.8872639404240478,
                -0.3298497133852046
            ],
            [
                1.4966828304602593,
                -5.326281765776208,
                0.0,
                5.436127639060324,
                -2.5221946405739297,
                1.4838712196411226,
                -0.9008223527644883,
                0.33261706995292006
            ],
            [
                -0.7067951104026916,
                2.0709307573225533,
                -4.640729541446873,
                0.0,
                4.65362408391729,
                -2.152870753601265,
                1.2153300536359384,
                -0.43948948942495086
            ],
            [
                0.4553084523588354,
                -1.2588936029586242,
                2.2295040194173583,
                -4.818638498232644,
                0.0,
                4.804985136411069,
                -2.1438750475374597,
                0.7316095405414642
            ],
            [
                -0.3671877689596937,
                0.9943010215094567,
                -1.6374257723020558,
                2.7828305002683673,
                -5.998294678761076,
                0.0,
                5.8771606278505235,
                -1.6513839296055226
            ],
            [
                0.38137513502011855,
                -1.0257130962487053,
                1.647452365033992,
                -2.6035824544503323,
                4.435509568415649,
                -9.740379150629133,
                0.0,
                6.905337632858411
            ],
            [
                -0.8467701169566377,
                2.2739556817453472,
                -3.627530408620295,
                5.614594655641789,
                -9.026434339153813,
                16.321090465586543,
                -41.179183787525794,
                30.47027784928286
            ]
        ],
        "H": [
            0.019378061477141526,
            0.11312522997462379,
            0.17896170886473386,
            0.2096348608994205,
            0.20245590904318841,
            0.16217903351357843,
            0.09785576266477157,
            0.016409433562541927
        ],
        "tL": [
            1.0,
            0.0,
            0.0,
            0.0,
            0.0,
            0.0,
            0.0,
            0.0
        ],
        "tR": [
            0.0,
            0.0,
            0.0,
            0.0,
            0.0,
            0.0,
            0.0,
            1.0
        ]
    },
    "p4_alpha80.0_div64_optTrue_simultaneous_closed": {
        "basis": [
            "P_0(x)",
            "P_1(x)",
            "P_2(x)",
            "P_3(x)",
            "P_4(x)",
            "exp((80.0/64)x)"
        ],
        "quad_basis": [
            "P_0(x)",
            "P_1(x)",
            "P_2(x)",
            "P_3(x)",
            "P_4(x)",
            "P_5(x)",
            "P_6(x)",
            "P_7(x)",
            "x^0 exp((80.0/64)x)",
            "x^1 exp((80.0/64)x)",
            "x^2 exp((80.0/64)x)",
            "x^3 exp((80.0/64)x)",
            "x^4 exp((80.0/64)x)",
            "exp(2 * (80.0/64)x)"
        ],
        "op_type": "closed",
        "selector": 0,
        "interval": [
            0.0,
            1.0
        ],
        "nodes": [
            0.0,
            0.06665600560983125,
            0.21096502477752577,
            0.4053307069139322,
            0.6145784136001414,
            0.8025662503471018,
            0.9383423142674757,
            1.0
        ],
        "D": [
            [
                -26.86741664147423,
                36.327119372914964,
                -14.461096157182801,
                8.109139866772715,
                -5.180254839264545,
                3.471569835896249,
                -2.2552078121964625,
                0.8561463745341111
            ],
            [
                -6.190249693063548,
                0.0,
                8.74756189211604,
                -4.026622721372105,
                2.4182015125520593,
                -1.5804599084128523,
                1.0158565221981593,
                -0.38428760401775464
            ],
            [
                1.5398829897729092,
                -5.466336029746104,
                0.0,
                5.590484420304889,
                -2.6330170240052944,
                1.5869335398419884,
                -0.9876002222548957,
                0.3696523260865077
            ],
            [
                -0.7255971446835843,
                2.11438713377706,
                -4.69768300492498,
                0.0,
                4.715132854054974,
                -2.2124958566855284,
                1.2697553014158796,
                -0.46349928295382115
            ],
            [
                0.47167688961324244,
                -1.2921375727902316,
                2.2514413198545995,
                -4.798070589029885,
                0.0,
                4.780284989271676,
                -2.1515296115932223,
                0.7383345746738214
            ],
            [
                -0.3883459612684436,
                1.0375264187105186,
                -1.6671133071281954,
                2.766015305979809,
                -5.872908071215723,
