{
    "poly_p4_closed": {
        "basis": [
            "P_0(x)",
            "P_1(x)",
            "P_2(x)",
            "P_3(x)",
            "P_4(x)"
        ],
        "quad_basis": [
            "P_0(x)",
            "P_1(x)",
            "P_2(x)",
            "P_3(x)",
            "P_4(x)",
            "P_5(x)",
            "P_6(x)",
            "P_7(x)"
        ],
        "op_type": "closed",
        "interval": [
            0.0,
            1.0
        ],
        "nodes": [
            0.0,
            0.17267316464601143,
            0.5,
            0.8273268353539885,
            1.0
        ],
        "D": [
            [
                -10.0,
                13.51300497744848,
                -5.333333333333333,
                2.8203283558848535,
                -1.0
            ],
            [
                -2.4819805060619657,
                1.808011330610452e-41,
                3.4914862437758782,
                -1.5275252316519468,
                0.5180194939380343
            ],
            [
                0.75,
                -2.6731691553909065,
                -0.0,
                2.6731691553909065,
                -0.75
            ],
            [
                -0.5180194939380343,
                1.5275252316519468,
                -3.4914862437758782,
                -8.767564846412937e-42,
                2.4819805060619657
            ],
            [
                1.0,
                -2.8203283558848535,
                5.333333333333333,
                -13.51300497744848,
                10.0
            ]
        ],
        "H": [
            0.05,
            0.2722222222222222,
            0.35555555555555557,
            0.2722222222222222,
            0.05
        ],
        "tL": [
            1.0,
            0.0,
            0.0,
            0.0,
            0.0
        ],
        "tR": [
            0.0,
            0.0,
            0.0,
            0.0,
            1.0
        ]
    },
    "poly_p5_closed": {
        "basis": [
            "P_0(x)",
            "P_1(x)",
            "P_2(x)",
            "P_3(x)",
            "P_4(x)",
            "P_5(x)"
        ],
        "quad_basis": [
            "P_0(x)",
            "P_1(x)",
            "P_2(x)",
            "P_3(x)",
            "P_4(x)",
            "P_5(x)",
            "P_6(x)",
            "P_7(x)",
            "P_8(x)",
            "P_9(x)"
        ],
        "op_type": "closed",
        "interval": [
            0.0,
            1.0
        ],
        "nodes": [
            0.0,
            0.11747233803526766,
            0.3573842417596775,
            0.6426157582403226,
            0.8825276619647323,
            1.0
        ],
        "D": [
            [
                -15.0,
                20.28283187263934,
                -8.072374540610696,
                4.489369296352334,
                -2.699826628380976,
                1.0
            ],
            [
                -3.5727298966781897,
                -2.0214590775976373e-42,
                5.046853554858911,
                -2.3056563170718585,
                1.3070950148596003,
                -0.47556235596846275
            ],
            [
                0.9699020957071384,
                -3.4425139056604666,
                -1.0515274982026703e-41,
                3.505923932735732,
                -1.5727133444464814,
                0.5394012216640779
            ],
            [
                -0.5394012216640779,
                1.5727133444464814,
                -3.505923932735732,
                5.061684301338066e-42,
                3.4425139056604666,
                -0.9699020957071384
            ],
            [
                0.47556235596846275,
                -1.3070950148596003,
                2.3056563170718585,
                -5.046853554858911,
                -7.0784388148271e-42,
                3.5727298966781897
            ],
            [
                -1.0,
                2.699826628380976,
                -4.489369296352334,
                8.072374540610696,
                -20.28283187263934,
                15.0
            ]
        ],
        "H": [
            0.03333333333333333,
            0.1892374781489235,
            0.2774291885177432,
            0.2774291885177432,
            0.1892374781489235,
            0.03333333333333333
        ],
        "tL": [
            1.0,
            0.0,
            0.0,
            0.0,
            0.0,
            0.0
        ],
        "tR": [
            0.0,
            0.0,
            0.0,
            0.0,
            0.0,
            1.0
        ]
    },
    "exp_p3_alpha80.0_div8_optFalse_simultaneous_closed": {
        "basis": [
            "P_0(x)",
            "P_1(x)",
            "P_2(x)",
            "P_3(x)",
            "exp((80.0/8)x)"
        ],
        "quad_basis": [
            "P_0(x)",
            "P_1(x)",
            "P_2(x)",
            "P_3(x)",
            "P_4(x)",
            "P_5(x)",
            "P_6(x)",
            "x^0 exp((80.0/8)x)",
            "x^1 exp((80.0/8)x)",
            "x^2 exp((80.0/8)x)",
            "x^3 exp((80.0/8)x)",
            "exp(2 * (80.0/8)x)"
        ],
        "op_type": "closed",
        "selector": 0,
        "interval": [
            0.0,
            1.0
        ],
        "nodes": [
            0.0,
            0.11538926225063738,
            0.3401398438378679,
            0.5916427143637135,
            0.8025165753113819,
            0.9411588639604408,
            1.0
        ],
        "D": [
            [
                -15.033171623408819,
                378.83496016151304,
                -1498.3943792869486,
                3105.5792024129046,
                -4146.566685780459,
                3710.580016223044,
                -1534.9999421066454
            ],
            [
                -68.86437376548099,
                0.0,
                464.39768515212006,
                -1164.5791140415897,
                1648.8427137057574,
                -1506.2233872829604,
                626.4264762321536
            ],
            [
                197.79424643316835,
                -337.2352885866013,
                0.0,
                627.8864285530192,
                -1120.8408464349466,
                1095.7164761110016,
                -463.3210160756414
            ],
            [
                -431.3777099706909,
                889.8965761966305,
                -660.70663466072,
                0.0,
                628.5691622393623,
                -764.6413297849824,
                338.25993598040066
            ],
            [
                777.7527389631191,
                -1701.3261304227005,
                1592.609585541525,
                -848.771668609188,
                0.0,
                373.22714682293594,
                -193.4916722956913
            ],
            [
                -1245.7653876600918,
                2781.8857730984646,
                -2786.7957012092543,
                1848.1496588984674,
                -668.0589532439418,
                0.0,
                70.58461011635559
            ],
            [
                3195.1829740156127,
                -7173.199720125259,
                7306.036723563813,
                -5069.006420215744,
                2147.319920239058,
                -437.62581352190426,
                31.29233604442268
            ]
        ],
        "H": [
            0.033259781270735166,
            0.18296787182860383,
            0.25196015663287663,
            0.2394441868547526,
            0.1773235812418208,
            0.09906606889997553,
            0.015978353271235445
        ],
        "tL": [
            1.0,
            0.0,
            0.0,
            0.0,
            0.0,
            0.0,
            0.0
        ],
        "tR": [
            0.0,
            0.0,
            0.0,
            0.0,
            0.0,
            0.0,
            1.0
        ]
    },
    "exp_p3_alpha80.0_div16_optFalse_simultaneous_closed": {
        "basis": [
            "P_0(x)",
            "P_1(x)",
            "P_2(x)",
            "P_3(x)",
            "exp((80.0/16)x)"
        ],
        "quad_basis": [
            "P_0(x)",
            "P_1(x)",
            "P_2(x)",
            "P_3(x)",
            "P_4(x)",
            "P_5(x)",
            "P_6(x)",
            "x^0 exp((80.0/16)x)",
            "x^1 exp((80.0/16)x)",
            "x^2 exp((80.0/16)x)",
            "x^3 exp((80.0/16)x)",
            "exp(2 * (80.0/16)x)"
        ],
        "op_type": "closed",
        "selector": 0,
        "interval": [
            0.0,
            1.0
        ],
        "nodes": [
            0.0,
            0.1002070350639774,
            0.3034306731560939,
            0.5474488620480408,
            0.7705672359108269,
            0.9292317349292951,
            1.0
        ],
        "D": [
            [
                -17.52044000915108,
                3449325.674752315,
                -13525893.097828219,
                26704598.307642613,
                -35459034.72424464,
                33465958.057882234,
                -14634936.6977643
            ],
            [
                -611813.2656219138,
                0.0,
                3950166.7204783475,
                -9502038.034043834,
                13414038.224161075,
                -12960815.827041402,
                5710462.182067728
            ],
            [
                1644182.2474849592,
                -2707165.094066247,
                0.0,
                4576941.233475611,
                -8219225.027075102,
                8565483.575932119,
                -3860216.9357513413
            ],
            [
                -3140543.330379631,
                6300148.935484128,
                -4428025.082561858,
                0.0,
                4091143.187668334,
                -5405010.257907125,
                2582286.5476961522
            ],
            [
                5155077.986735397,
                -10994694.894427443,
                9830038.018033607,
                -5057481.123655653,
                0.0,
                2534130.281680512,
                -1467070.2683664202
            ],
            [
                -8141006.430646035,
                17775527.045136426,
                -17141259.03567718,
                11180278.392793564,
                -4240288.861966383,
                0.0,
                566748.8903596058
            ],
            [
                21394354.19826584,
                -47064657.73725399,
                46423303.412916176,
                -32099186.493858423,
                14752000.494981248,
                -3405839.487631695,
                25.612580840374132
            ]
        ],
        "H": [
            0.028538096060307026,
            0.16089416980735555,
            0.23476913044020478,
            0.2426645046999859,
            0.19629835703166384,
            0.11731408566523638,
            0.019521656295246517
        ],
        "tL": [
            1.0,
            0.0,
            0.0,
            0.0,
            0.0,
            0.0,
            0.0
        ],
        "tR": [
            0.0,
            0.0,
            0.0,
            0.0,
            0.0,
            0.0,
            1.0
        ]
    },
    "exp_p3_alpha80.0_div32_optFalse_simultaneous_closed": {
        "basis": [
            "P_0(x)",
            "P_1(x)",
            "P_2(x)",
            "P_3(x)",
            "exp((80.0/32)x)"
        ],
        "quad_basis": [
            "P_0(x)",
            "P_1(x)",
            "P_2(x)",
            "P_3(x)",
            "P_4(x)",
            "P_5(x)",
            "P_6(x)",
            "x^0 exp((80.0/32)x)",
            "x^1 exp((80.0/32)x)",
            "x^2 exp((80.0/32)x)",
            "x^3 exp((80.0/32)x)",
            "exp(2 * (80.0/32)x)"
        ],
        "op_type": "closed",
        "selector": 0,
        "interval": [
            0.0,
            1.0
        ],
        "nodes": [
            0.0,
            0.0924819824829308,
            0.28448118244439907,
            0.5239574189729602,
            0.7528962644735884,
            0.9224005516453524,
            1.0
        ],
        "D": [
            [
                -19.123271983157064,
                432021045.84509397,
                -1674046413.9137332,
                3293819697.361147,
                -4441538818.97455,
                4320484955.530285,
                -1930740446.72497
            ],
            [
                -75506977.40064093,
                0.0,
                478414901.0000954,
                -1147977688.7678256,
                1647889622.773494,
                -1643327499.9736242,
                740507642.3685013
            ],
            [
                194111677.19384253,
                -317399825.46075535,
                0.0,
                531272541.71753377,
                -973221977.3995805,
                1050430357.6986805,
                -485192773.749721
            ],
            [
                -353649168.5666055,
                705219130.655489,
                -491933073.9420324,
                0.0,
                467913865.69927156,
                -644151390.1996675,
                316600636.3535448
            ],
            [
                563505012.9319974,
                -1196217795.785194,
                1064858892.9501622,
                -552913784.7090894,
                0.0,
                301137679.7667428,
                -180370005.15461904
            ],
            [
                -885447472.3667207,
                1926957990.3112934,
                -1856578866.7917645,
                1229547849.8874593,
                -486442020.288782,
                0.0,
                71962519.24851461
            ],
            [
                2338675612.318395,
                -5132080449.259722,
                5068462633.850888,
                -3571782923.650633,
                1722051312.9328952,
                -425326209.3555433,
                23.163719334001073
            ]
        ],
        "H": [
            0.026146153254546504,
            0.14959794263674772,
            0.22548810419943605,
            0.2435201953085569,
            0.2060836230057465,
            0.1275785016126532,
            0.021585479982313138
        ],
        "tL": [
            1.0,
            0.0,
            0.0,
            0.0,
            0.0,
            0.0,
            0.0
        ],
        "tR": [
            0.0,
            0.0,
            0.0,
            0.0,
            0.0,
            0.0,
            1.0
        ]
    },
    "exp_p3_alpha80.0_div64_optFalse_simultaneous_closed": {
        "basis": [
            "P_0(x)",
            "P_1(x)",
            "P_2(x)",
            "P_3(x)",
            "exp((80.0/64)x)"
        ],
        "quad_basis": [
            "P_0(x)",
            "P_1(x)",
            "P_2(x)",
            "P_3(x)",
            "P_4(x)",
            "P_5(x)",
            "P_6(x)",
            "x^0 exp((80.0/64)x)",
            "x^1 exp((80.0/64)x)",
            "x^2 exp((80.0/64)x)",
            "x^3 exp((80.0/64)x)",
            "exp(2 * (80.0/64)x)"
        ],
        "op_type": "closed",
        "selector": 0,
        "interval": [
            0.0,
            1.0
        ],
        "nodes": [
            0.0,
            0.08865756132632593,
            0.27499889649495346,
            0.5120090157257279,
            0.7437389170192742,
            0.9188047795521906,
            1.0
        ],
        "D": [
            [
                -20.026254728182977,
                -402391857133.37335,
                1561015755140.4387,
                -3089204757770.475,
                4214103564242.6636,
                -4155762366304.2256,
                1872239661844.9983
            ],
            [
                69779412241.91183,
                0.0,
                -442655167765.58014,
                1068758345423.5731,
                -1552786957736.1584,
                1570541993103.3447,
                -713637625267.091
            ],
            [
                -176583262517.98975,
                288755101359.42615,
                0.0,
                -487788543642.60724,
                905443993672.978,
                -992240210177.4019,
                462412921305.5946
            ],
            [
                316442996838.78217,
                -631320932561.1427,
                441710923771.22864,
                0.0,
                -430146639894.38544,
                602196752124.5675,
                -298883100279.05005
            ],
            [
                -498673603406.35614,
                1059607264008.8856,
                -947175634590.0161,
                496911349941.4765,
                0.0,
                -280513347354.2998,
                169843971400.30988
            ],
            [
                780502378532.116,
                -1700963344369.653,
                1647396342927.912,
                -1104112025647.1616,
                445210993818.89984,
                0.0,
                -68034345262.113235
            ],
            [
                -2061039514869.653,
                4530274243419.713,
                -4500000770605.383,
                3212014098099.828,
                -1580024560152.236,
                398776504085.6851,
                22.045736542594117
            ]
        ],
        "H": [
            0.024967224615212214,
            0.14397667675318981,
            0.22071305304207908,
            0.24373700742359122,
            0.21098864973303275,
            0.13293726617733045,
            0.02268012225556448
        ],
        "tL": [
            1.0,
            0.0,
            0.0,
            0.0,
            0.0,
            0.0,
            0.0
        ],
        "tR": [
            0.0,
            0.0,
            0.0,
            0.0,
            0.0,
            0.0,
            1.0
        ]
    },
    "exp_p3_alpha80.0_div100_optFalse_simultaneous_closed": {
        "basis": [
            "P_0(x)",
            "P_1(x)",
            "P_2(x)",
            "P_3(x)",
            "exp((80.0/100)x)"
        ],
        "quad_basis": [
            "P_0(x)",
            "P_1(x)",
            "P_2(x)",
            "P_3(x)",
            "P_4(x)",
            "P_5(x)",
            "P_6(x)",
            "x^0 exp((80.0/100)x)",
            "x^1 exp((80.0/100)x)",
            "x^2 exp((80.0/100)x)",
            "x^3 exp((80.0/100)x)",
            "exp(2 * (80.0/100)x)"
        ],
        "op_type": "closed",
        "selector": 0,
        "interval": [
            0.0,
            1.0
        ],
        "nodes": [
            0.0,
            0.08729305660649356,
            0.27159711428743716,
            0.5076896254354637,
            0.7404013267336497,
            0.9174855176413572,
            1.0
        ],
        "D": [
            [
                -20.368566900832352,
                -131843436066.72125,
                512400788918.36017,
                -1017438225756.6854,
                1394318206620.9587,
                -1381182466457.4656,
                623745132761.9218
            ],
            [
                22797389689.185146,
                0.0,
                -144991583533.8982,
                351285755850.0957,
                -512788083628.26154,
                521028322131.64105,
                -237331800508.76224
            ],
            [
                -57440856345.78483,
                93999880007.58916,
                0.0,
                -159709309715.02408,
                297931902593.4735,
                -328059542910.0587,
                153277926369.805
            ],
            [
                102451861321.30399,
                -204571784132.2811,
                143460030598.95285,
                0.0,
                -141017230271.08188,
                198430767823.7526,
                -98753645340.64647
            ],
            [
                -160879538834.76236,
                342176538576.2047,
                -306651298661.2204,
                161584348721.01813,
                0.0,
                -92242282370.34659,
                56012232569.10646
            ],
            [
                251338940235.70462,
                -548331814279.69934,
                532537606914.33466,
                -358596406558.3593,
                145478846513.84964,
                0.0,
                -22427172825.830273
            ],
            [
                -663321396429.5656,
                1459641359037.211,
                -1454070075596.0183,
                1042937227600.4674,
                -516250880781.9803,
                131063766148.22491,
                21.660940551316717
            ]
        ],
        "H": [
            0.024547627844135063,
            0.14196553405380546,
            0.2189769560135072,
            0.24377980641996114,
            0.21275051308785453,
            0.13489653907049454,
            0.023083023510242086
        ],
        "tL": [
            1.0,
            0.0,
            0.0,
            0.0,
            0.0,
            0.0,
            0.0
        ],
        "tR": [
            0.0,
            0.0,
            0.0,
            0.0,
            0.0,
            0.0,
            1.0
        ]
    },
    "exp_p3_alpha80.0_div8_optTrue_simultaneous_closed": {
        "basis": [
            "P_0(x)",
            "P_1(x)",
            "P_2(x)",
            "P_3(x)",
            "exp((80.0/8)x)"
        ],
        "quad_basis": [
            "P_0(x)",
            "P_1(x)",
            "P_2(x)",
            "P_3(x)",
            "P_4(x)",
            "P_5(x)",
            "P_6(x)",
            "x^0 exp((80.0/8)x)",
            "x^1 exp((80.0/8)x)",
            "x^2 exp((80.0/8)x)",
            "x^3 exp((80.0/8)x)",
            "exp(2 * (80.0/8)x)"
        ],
        "op_type": "closed",
        "selector": 0,
        "interval": [
            0.0,
            1.0
        ],
        "nodes": [
            0.0,
            0.11538926225063738,
            0.3401398438378679,
            0.5916427143637135,
            0.8025165753113819,
            0.9411588639604408,
            1.0
        ],
        "D": [
            [
                -15.033171623408819,
                20.25352463890898,
                -7.779015312374782,
                3.8544254995216884,
                -1.917834875006857,
                0.9263310919915896,
                -0.30425941963180053
            ],
            [
                -3.681672594861806,
                0.0,
                5.123602274189146,
                -2.1435166079151444,
                1.045867586141608,
                -0.51680325876763,
                0.1725226012138265
            ],
            [
                1.0268621485589484,
                -3.7206462193564946,
                0.0,
                3.7329350402321637,
                -1.5426465038072785,
                0.7603072549499507,
                -0.2568117205772894
            ],
            [
                -0.5353955371495416,
                1.6379377471268826,
                -3.928059017811069,
                0.0,
                3.9209360040708745,
                -1.6296764702396087,
                0.5342572740024623
            ],
            [
                0.35971960418015747,
                -1.079158029128039,
                2.1919558132450576,
                -5.294531762946664,
                0.0,
                5.278475420830722,
                -1.4564610461812344
            ],
            [
                -0.3110002228414772,
                0.9544982803978392,
                -1.9337310662818614,
                3.9389526765903895,
                -9.448221530458467,
                0.0,
                6.799501862593577
            ],
            [
                0.6333319569753175,
                -1.9755535911985784,
                4.049623903252784,
                -8.006131568955178,
                16.163423368101338,
                -42.15703011259836,
                31.29233604442268
            ]
        ],
        "H": [
            0.033259781270735166,
            0.18296787182860383,
            0.25196015663287663,
            0.2394441868547526,
            0.1773235812418208,
            0.09906606889997553,
            0.015978353271235445
        ],
        "tL": [
            1.0,
            0.0,
            0.0,
            0.0,
            0.0,
            0.0,
            0.0
        ],
        "tR": [
            0.0,
            0.0,
            0.0,
            0.0,
            0.0,
            0.0,
            1.0
        ]
    },
    "exp_p3_alpha80.0_div16_optTrue_simultaneous_closed": {
        "basis": [
            "P_0(x)",
            "P_1(x)",
            "P_2(x)",
            "P_3(x)",
            "exp((80.0/16)x)"
        ],
        "quad_basis": [
            "P_0(x)",
            "P_1(x)",
            "P_2(x)",
            "P_3(x)",
            "P_4(x)",
            "P_5(x)",
            "P_6(x)",
            "x^0 exp((80.0/16)x)",
            "x^1 exp((80.0/16)x)",
            "x^2 exp((80.0/16)x)",
            "x^3 exp((80.0/16)x)",
            "exp(2 * (80.0/16)x)"
        ],
        "op_type": "closed",
        "selector": 0,
        "interval": [
            0.0,
            1.0
        ],
        "nodes": [
            0.0,
            0.1002070350639774,
            0.3034306731560939,
            0.5474488620480408,
            0.7705672359108269,
            0.9292317349292951,
            1.0
        ],
        "D": [
            [
                -17.52044000915108,
                23.63726397490765,
                -9.22337866878704,
                4.867643774776411,
                -2.7835476322380996,
                1.5868432332366729,
                -0.5643846727445142
            ],
            [
                -4.192585167793386,
                0.0,
                5.876741194057183,
                -2.581860084045921,
                1.4118944520190149,
                -0.7981489639687308,
                0.28395856973183964
            ],
            [
                1.121176646848263,
                -4.027503078524811,
                0.0,
                4.086472671376287,
                -1.811137011931904,
                0.9741457212280056,
                -0.34315494899584004
            ],
            [
                -0.5724499584464064,
                1.7118541308499076,
                -3.9535144903568886,
                0.0,
                3.956770851837851,
                -1.720831951390113,
                0.5781714175056492
            ],
            [
                0.40467557099541834,
                -1.1572464953263348,
                2.1660856862430964,
                -4.89136971644492,
                0.0,
                4.82381144745241,
                -1.34595649291967
            ],
            [
                -0.38601915844940843,
                1.0946470256504226,
                -1.9494619303205751,
                3.559545563416812,
                -8.071547899776512,
                0.0,
                5.752836399479261
            ],
            [
                0.8250562227995879,
                -2.3403382195502114,
                4.126811155958264,
                -7.186976275924922,
                13.534151211368568,
                -34.57128493502542,
                25.612580840374132
            ]
        ],
        "H": [
            0.028538096060307026,
            0.16089416980735555,
            0.23476913044020478,
            0.2426645046999859,
            0.19629835703166384,
            0.11731408566523638,
            0.019521656295246517
        ],
        "tL": [
            1.0,
            0.0,
            0.0,
            0.0,
            0.0,
            0.0,
            0.0
        ],
        "tR": [
            0.0,
            0.0,
            0.0,
            0.0,
            0.0,
            0.0,
            1.0
        ]
    },
    "exp_p3_alpha80.0_div32_optTrue_simultaneous_closed": {
        "basis": [
            "P_0(x)",
            "P_1(x)",
            "P_2(x)",
            "P_3(x)",
            "exp((80.0/32)x)"
        ],
        "quad_basis": [
            "P_0(x)",
            "P_1(x)",
            "P_2(x)",
            "P_3(x)",
            "P_4(x)",
            "P_5(x)",
            "P_6(x)",
            "x^0 exp((80.0/32)x)",
            "x^1 exp((80.0/32)x)",
            "x^2 exp((80.0/32)x)",
            "x^3 exp((80.0/32)x)",
            "exp(2 * (80.0/32)x)"
        ],
        "op_type": "closed",
        "selector": 0,
        "interval": [
            0.0,
            1.0
        ],
        "nodes": [
            0.0,
            0.0924819824829308,
            0.28448118244439907,
            0.5239574189729602,
            0.7528962644735884,
            0.9224005516453524,
            1.0
        ],
        "D": [
            [
                -19.123271983157064,
                25.831784097866084,
                -10.19632656684066,
                5.574325523770112,
                -3.3896734687377674,
                2.063296687844589,
                -0.7601342907452946
            ],
            [
                -4.514779909113911,
                0.0,
                6.358152467826795,
                -2.869609209763993,
                1.6511443951574987,
                -0.9864193793725452,
                0.36151163526615576
            ],
            [
                1.1823005829798743,
                -4.218255909927632,
                0.0,
                4.298954551176762,
                -1.966181624247435,
                1.0980498366778737,
                -0.39486743665944385
            ],
            [
                -0.5985013655666291,
                1.7628420238749383,
                -3.9806271942092346,
                0.0,
                3.982084272980378,
                -1.7665559736171499,
                0.6007582365376971
            ],
            [
                0.4300532022091664,
                -1.1985804641297058,
                2.1513139205193395,
                -4.705458520904761,
                0.0,
                4.618244055047167,
                -1.295572192741205
            ],
            [
                -0.42285550251855564,
                1.1566706605410917,
                -1.940743721389165,
                3.37197921500028,
                -7.4600693279695705,
                0.0,
                5.2950186763359195
            ],
            [
                0.9207387408641114,
                -2.505452596809375,
                4.124898300866388,
                -6.77755431960549,
                12.369250605702542,
                -31.29560006501925,
                23.163719334001073
            ]
        ],
        "H": [
            0.026146153254546504,
            0.14959794263674772,
            0.22548810419943605,
            0.2435201953085569,
            0.2060836230057465,
            0.1275785016126532,
            0.021585479982313138
        ],
        "tL": [
            1.0,
            0.0,
            0.0,
            0.0,
            0.0,
            0.0,
            0.0
        ],
        "tR": [
            0.0,
            0.0,
            0.0,
            0.0,
            0.0,
            0.0,
            1.0
        ]
    },
    "exp_p3_alpha80.0_div64_optTrue_simultaneous_closed": {
        "basis": [
            "P_0(x)",
            "P_1(x)",
            "P_2(x)",
            "P_3(x)",
            "exp((80.0/64)x)"
        ],
        "quad_basis": [
            "P_0(x)",
            "P_1(x)",
            "P_2(x)",
            "P_3(x)",
            "P_4(x)",
            "P_5(x)",
            "P_6(x)",
            "x^0 exp((80.0/64)x)",
            "x^1 exp((80.0/64)x)",
            "x^2 exp((80.0/64)x)",
            "x^3 exp((80.0/64)x)",
            "exp(2 * (80.0/64)x)"
        ],
        "op_type": "closed",
        "selector": 0,
        "interval": [
            0.0,
            1.0
        ],
        "nodes": [
            0.0,
            0.08865756132632593,
            0.27499889649495346,
            0.5120090157257279,
            0.7437389170192742,
            0.9188047795521906,
            1.0
        ],
        "D": [
            [
                -20.026254728182977,
                27.06479306198948,
                -10.729399513263676,
                5.939131751979061,
                -3.6857110618559115,
                2.2913696371549728,
                -0.8539291478209519
            ],
            [
                -4.693348831083904,
                0.0,
                6.6210715279917025,
                -3.016868469308634,
                1.765772685217836,
                -1.0743186540119631,
                0.3976917411949625
            ],
            [
                1.213717648058317,
                -4.319091517272731,
                0.0,
                4.408033718356242,
                -2.0378982817432054,
                1.1528641141776728,
                -0.41762568157629565
            ],
            [
                -0.6083755521511657,
                1.782079385497938,
                -3.9916407860050986,
                0.0,
                3.992203131919305,
                -1.783495919528024,
                0.6092297402670452
            ],
            [
                0.4361465702755372,
                -1.2049467278969828,
                2.1318243996626225,
                -4.611848294362338,
                0.0,
                4.519205236827195,
                -1.270381184506034
            ],
            [
                -0.43034690010107407,
                1.163532499399173,
                -1.9140769605069363,
                3.269993213175283,
                -7.172563707701845,
                0.0,
                5.0834618557354
            ],
            [
                0.940040825127899,
                -2.524604348435213,
                4.06415089702034,
                -6.547223690106408,
                11.818102554514107,
                -29.796202780714843,
                22.045736542594117
            ]
        ],
        "H": [
            0.024967224615212214,
            0.14397667675318981,
            0.22071305304207908,
            0.24373700742359122,
            0.21098864973303275,
            0.13293726617733045,
            0.02268012225556448
        ],
        "tL": [
            1.0,
            0.0,
            0.0,
            0.0,
            0.0,
            0.0,
            0.0
        ],
        "tR": [
            0.0,
            0.0,
            0.0,
            0.0,
            0.0,
            0.0,
            1.0
        ]
    },
    "exp_p3_alpha80.0_div100_optTrue_simultaneous_closed": {
        "basis": [
            "P_0(x)",
            "P_1(x)",
            "P_2(x)",
            "P_3(x)",
            "exp((80.0/100)x)"
        ],
        "quad_basis": [
            "P_0(x)",
            "P_1(x)",
            "P_2(x)",
            "P_3(x)",
            "P_4(x)",
            "P_5(x)",
            "P_6(x)",
            "x^0 exp((80.0/100)x)",
            "x^1 exp((80.0/100)x)",
            "x^2 exp((80.0/100)x)",
            "x^3 exp((80.0/100)x)",
            "exp(2 * (80.0/100)x)"
        ],
        "op_type": "closed",
        "selector": 0,
        "interval": [
            0.0,
            1.0
        ],
        "nodes": [
            0.0,
            0.08729305660649356,
            0.27159711428743716,
            0.5076896254354637,
            0.7404013267336497,
            0.9174855176413572,
            1.0
        ],
        "D": [
            [
                -20.368566900832352,
                27.530505604205402,
                -10.924695764219436,
                6.063833412149634,
                -3.779615100185578,
                2.360290731950425,
                -0.881751983068097
            ],
            [
                -4.760370962129265,
                0.0,
                6.7182226935281895,
                -3.067576549989231,
                1.8020941947644873,
                -1.1006957061525833,
                0.40832632997840274
            ],
            [
                1.224673914610063,
                -4.355508862404198,
                0.0,
                4.446559956800101,
                -2.0605297397869884,
                1.1689154701063604,
                -0.42411073932533744
            ],
            [
                -0.6106031836527562,
                1.7864077815367916,
                -3.994154308229487,
                0.0,
                3.9944855456645847,
                -1.7872405184292277,
                0.6111046831100945
            ],
            [
                0.43610040477371453,
                -1.202513033044281,
                2.1208340400454584,
                -4.577074334327591,
                0.0,
                4.483590328482888,
                -1.2609374059301888
            ],
            [
                -0.42951093401738055,
                1.1583755582715347,
                -1.8974953193367363,
                3.2298319186743747,
                -7.071242519884018,
                0.0,
                5.010041296292226
            ],
            [
                0.9376986304060095,
                -2.511294305873468,
                4.023323836623621,
                -6.453876429351179,
                11.621747903357853,
                -29.278540186479553,
                21.660940551316717
            ]
        ],
        "H": [
            0.024547627844135063,
            0.14196553405380546,
            0.2189769560135072,
            0.24377980641996114,
            0.21275051308785453,
            0.13489653907049454,
            0.023083023510242086
        ],
        "tL": [
            1.0,
            0.0,
            0.0,
            0.0,
            0.0,
            0.0,
            0.0
        ],
        "tR": [
            0.0,
            0.0,
            0.0,
            0.0,
            0.0,
            0.0,
            1.0
        ]
    },
    "exp_p3_alpha80.0_div8_optTrue_sequential_closed": {
        "basis": [
            "P_0(x)",
            "P_1(x)",
            "P_2(x)",
            "P_3(x)",
            "exp((80.0/8)x)"
        ],
        "quad_basis": [
            "P_0(x)",
            "P_1(x)",
            "P_2(x)",
            "P_3(x)",
            "P_4(x)",
            "P_5(x)",
            "P_6(x)",
            "x^0 exp((80.0/8)x)",
            "x^1 exp((80.0/8)x)",
            "x^2 exp((80.0/8)x)",
            "x^3 exp((80.0/8)x)",
            "exp(2 * (80.0/8)x)"
        ],
        "op_type": "closed",
        "selector": 0,
        "interval": [
            0.0,
            1.0
        ],
        "nodes": [
            0.0,
            0.11538926225063738,
            0.3401398438378679,
            0.5916427143637135,
            0.8025165753113819,
            0.9411588639604408,
            1.0
        ],
        "D": [
            [
                -15.033171623408819,
                20.25352463890898,
                -7.779015312374782,
                3.8544254995216884,
                -1.917834875006857,
                0.9263310919915896,
                -0.30425941963180053
            ],
            [
                -3.681672594861806,
                0.0,
                5.123602274189146,
                -2.1435166079151444,
                1.045867586141608,
                -0.51680325876763,
                0.1725226012138265
            ],
            [
                1.0268621485589484,
                -3.7206462193564946,
                0.0,
